BREAK
034627895
503462789
950346278
895034627
789503462
278950346
627895034
462789503
346278950
BREAK
034627985
503462798
850346279
985034627
798503462
279850346
627985034
462798503
346279850
BREAK
034628795
503462879
950346287
795034628
879503462
287950346
628795034
462879503
346287950
BREAK
034628975
503462897
750346289
975034628
897503462
289750346
628975034
462897503
346289750
BREAK
034629785
503462978
850346297
785034629
978503462
297850346
629785034
462978503
346297850
BREAK
034629875
503462987
750346298
875034629
987503462
298750346
629875034
462987503
346298750
BREAK
034726895
503472689
950347268
895034726
689503472
268950347
726895034
472689503
347268950
BREAK
034726985
503472698
850347269
985034726
698503472
269850347
726985034
472698503
347269850
BREAK
034728695
503472869
950347286
695034728
869503472
286950347
728695034
472869503
347286950
BREAK
034728965
503472896
650347289
965034728
896503472
289650347
728965034
472896503
347289650
BREAK
034729685
503472968
850347296
685034729
968503472
296850347
729685034
472968503
347296850
BREAK
034729865
503472986
650347298
865034729
986503472
298650347
729865034
472986503
347298650
BREAK
034826795
503482679
950348267
795034826
679503482
267950348
826795034
482679503
348267950
BREAK
034826975
503482697
750348269
975034826
697503482
269750348
826975034
482697503
348269750
BREAK
034827695
503482769
950348276
695034827
769503482
276950348
827695034
482769503
348276950
BREAK
034827965
503482796
650348279
965034827
796503482
279650348
827965034
482796503
348279650
BREAK
034829675
503482967
750348296
675034829
967503482
296750348
829675034
482967503
348296750
BREAK
034829765
503482976
650348297
765034829
976503482
297650348
829765034
482976503
348297650
BREAK
034926785
503492678
850349267
785034926
678503492
267850349
926785034
492678503
349267850
BREAK
034926875
503492687
750349268
875034926
687503492
268750349
926875034
492687503
349268750
BREAK
034927685
503492768
850349276
685034927
768503492
276850349
927685034
492768503
349276850
BREAK
034927865
503492786
650349278
865034927
786503492
278650349
927865034
492786503
349278650
BREAK
034928675
503492867
750349286
675034928
867503492
286750349
928675034
492867503
349286750
BREAK
034928765
503492876
650349287
765034928
876503492
287650349
928765034
492876503
349287650
BREAK
036427895
503642789
950364278
895036427
789503642
278950364
427895036
642789503
364278950
BREAK
036427985
503642798
850364279
985036427
798503642
279850364
427985036
642798503
364279850
BREAK
036428795
503642879
950364287
795036428
879503642
287950364
428795036
642879503
364287950
BREAK
036428975
503642897
750364289
975036428
897503642
289750364
428975036
642897503
364289750
BREAK
036429785
503642978
850364297
785036429
978503642
297850364
429785036
642978503
364297850
BREAK
036429875
503642987
750364298
875036429
987503642
298750364
429875036
642987503
364298750
BREAK
036724895
503672489
950367248
895036724
489503672
248950367
724895036
672489503
367248950
BREAK
036724985
503672498
850367249
985036724
498503672
249850367
724985036
672498503
367249850
BREAK
036728495
503672849
950367284
495036728
849503672
284950367
728495036
672849503
367284950
BREAK
036728945
503672894
450367289
945036728
894503672
289450367
728945036
672894503
367289450
BREAK
036729485
503672948
850367294
485036729
948503672
294850367
729485036
672948503
367294850
BREAK
036729845
503672984
450367298
845036729
984503672
298450367
729845036
672984503
367298450
BREAK
036824795
503682479
950368247
795036824
479503682
247950368
824795036
682479503
368247950
BREAK
036824975
503682497
750368249
975036824
497503682
249750368
824975036
682497503
368249750
BREAK
036827495
503682749
950368274
495036827
749503682
274950368
827495036
682749503
368274950
BREAK
036827945
503682794
450368279
945036827
794503682
279450368
827945036
682794503
368279450
BREAK
036829475
503682947
750368294
475036829
947503682
294750368
829475036
682947503
368294750
BREAK
036829745
503682974
450368297
745036829
974503682
297450368
829745036
682974503
368297450
BREAK
036924785
503692478
850369247
785036924
478503692
247850369
924785036
692478503
369247850
BREAK
036924875
503692487
750369248
875036924
487503692
248750369
924875036
692487503
369248750
BREAK
036927485
503692748
850369274
485036927
748503692
274850369
927485036
692748503
369274850
BREAK
036927845
503692784
450369278
845036927
784503692
278450369
927845036
692784503
369278450
BREAK
036928475
503692847
750369284
475036928
847503692
284750369
928475036
692847503
369284750
BREAK
036928745
503692874
450369287
745036928
874503692
287450369
928745036
692874503
369287450
BREAK
037426895
503742689
950374268
895037426
689503742
268950374
426895037
742689503
374268950
BREAK
037426985
503742698
850374269
985037426
698503742
269850374
426985037
742698503
374269850
BREAK
037428695
503742869
950374286
695037428
869503742
286950374
428695037
742869503
374286950
BREAK
037428965
503742896
650374289
965037428
896503742
289650374
428965037
742896503
374289650
BREAK
037429685
503742968
850374296
685037429
968503742
296850374
429685037
742968503
374296850
BREAK
037429865
503742986
650374298
865037429
986503742
298650374
429865037
742986503
374298650
BREAK
037624895
503762489
950376248
895037624
489503762
248950376
624895037
762489503
376248950
BREAK
037624985
503762498
850376249
985037624
498503762
249850376
624985037
762498503
376249850
BREAK
037628495
503762849
950376284
495037628
849503762
284950376
628495037
762849503
376284950
BREAK
037628945
503762894
450376289
945037628
894503762
289450376
628945037
762894503
376289450
BREAK
037629485
503762948
850376294
485037629
948503762
294850376
629485037
762948503
376294850
BREAK
037629845
503762984
450376298
845037629
984503762
298450376
629845037
762984503
376298450
BREAK
037824695
503782469
950378246
695037824
469503782
246950378
824695037
782469503
378246950
BREAK
037824965
503782496
650378249
965037824
496503782
249650378
824965037
782496503
378249650
BREAK
037826495
503782649
950378264
495037826
649503782
264950378
826495037
782649503
378264950
BREAK
037826945
503782694
450378269
945037826
694503782
269450378
826945037
782694503
378269450
BREAK
037829465
503782946
650378294
465037829
946503782
294650378
829465037
782946503
378294650
BREAK
037829645
503782964
450378296
645037829
964503782
296450378
829645037
782964503
378296450
BREAK
037924685
503792468
850379246
685037924
468503792
246850379
924685037
792468503
379246850
BREAK
037924865
503792486
650379248
865037924
486503792
248650379
924865037
792486503
379248650
BREAK
037926485
503792648
850379264
485037926
648503792
264850379
926485037
792648503
379264850
BREAK
037926845
503792684
450379268
845037926
684503792
268450379
926845037
792684503
379268450
BREAK
037928465
503792846
650379284
465037928
846503792
284650379
928465037
792846503
379284650
BREAK
037928645
503792864
450379286
645037928
864503792
286450379
928645037
792864503
379286450
BREAK
038426795
503842679
950384267
795038426
679503842
267950384
426795038
842679503
384267950
BREAK
038426975
503842697
750384269
975038426
697503842
269750384
426975038
842697503
384269750
BREAK
038427695
503842769
950384276
695038427
769503842
276950384
427695038
842769503
384276950
BREAK
038427965
503842796
650384279
965038427
796503842
279650384
427965038
842796503
384279650
BREAK
038429675
503842967
750384296
675038429
967503842
296750384
429675038
842967503
384296750
BREAK
038429765
503842976
650384297
765038429
976503842
297650384
429765038
842976503
384297650
BREAK
038624795
503862479
950386247
795038624
479503862
247950386
624795038
862479503
386247950
BREAK
038624975
503862497
750386249
975038624
497503862
249750386
624975038
862497503
386249750
BREAK
038627495
503862749
950386274
495038627
749503862
274950386
627495038
862749503
386274950
BREAK
038627945
503862794
450386279
945038627
794503862
279450386
627945038
862794503
386279450
BREAK
038629475
503862947
750386294
475038629
947503862
294750386
629475038
862947503
386294750
BREAK
038629745
503862974
450386297
745038629
974503862
297450386
629745038
862974503
386297450
BREAK
038724695
503872469
950387246
695038724
469503872
246950387
724695038
872469503
387246950
BREAK
038724965
503872496
650387249
965038724
496503872
249650387
724965038
872496503
387249650
BREAK
038726495
503872649
950387264
495038726
649503872
264950387
726495038
872649503
387264950
BREAK
038726945
503872694
450387269
945038726
694503872
269450387
726945038
872694503
387269450
BREAK
038729465
503872946
650387294
465038729
946503872
294650387
729465038
872946503
387294650
BREAK
038729645
503872964
450387296
645038729
964503872
296450387
729645038
872964503
387296450
BREAK
038924675
503892467
750389246
675038924
467503892
246750389
924675038
892467503
389246750
BREAK
038924765
503892476
650389247
765038924
476503892
247650389
924765038
892476503
389247650
BREAK
038926475
503892647
750389264
475038926
647503892
264750389
926475038
892647503
389264750
BREAK
038926745
503892674
450389267
745038926
674503892
267450389
926745038
892674503
389267450
BREAK
038927465
503892746
650389274
465038927
746503892
274650389
927465038
892746503
389274650
BREAK
038927645
503892764
450389276
645038927
764503892
276450389
927645038
892764503
389276450
BREAK
039426785
503942678
850394267
785039426
678503942
267850394
426785039
942678503
394267850
BREAK
039426875
503942687
750394268
875039426
687503942
268750394
426875039
942687503
394268750
BREAK
039427685
503942768
850394276
685039427
768503942
276850394
427685039
942768503
394276850
BREAK
039427865
503942786
650394278
865039427
786503942
278650394
427865039
942786503
394278650
BREAK
039428675
503942867
750394286
675039428
867503942
286750394
428675039
942867503
394286750
BREAK
039428765
503942876
650394287
765039428
876503942
287650394
428765039
942876503
394287650
BREAK
039624785
503962478
850396247
785039624
478503962
247850396
624785039
962478503
396247850
BREAK
039624875
503962487
750396248
875039624
487503962
248750396
624875039
962487503
396248750
BREAK
039627485
503962748
850396274
485039627
748503962
274850396
627485039
962748503
396274850
BREAK
039627845
503962784
450396278
845039627
784503962
278450396
627845039
962784503
396278450
BREAK
039628475
503962847
750396284
475039628
847503962
284750396
628475039
962847503
396284750
BREAK
039628745
503962874
450396287
745039628
874503962
287450396
628745039
962874503
396287450
BREAK
039724685
503972468
850397246
685039724
468503972
246850397
724685039
972468503
397246850
BREAK
039724865
503972486
650397248
865039724
486503972
248650397
724865039
972486503
397248650
BREAK
039726485
503972648
850397264
485039726
648503972
264850397
726485039
972648503
397264850
BREAK
039726845
503972684
450397268
845039726
684503972
268450397
726845039
972684503
397268450
BREAK
039728465
503972846
650397284
465039728
846503972
284650397
728465039
972846503
397284650
BREAK
039728645
503972864
450397286
645039728
864503972
286450397
728645039
972864503
397286450
BREAK
039824675
503982467
750398246
675039824
467503982
246750398
824675039
982467503
398246750
BREAK
039824765
503982476
650398247
765039824
476503982
247650398
824765039
982476503
398247650
BREAK
039826475
503982647
750398264
475039826
647503982
264750398
826475039
982647503
398264750
BREAK
039826745
503982674
450398267
745039826
674503982
267450398
826745039
982674503
398267450
BREAK
039827465
503982746
650398274
465039827
746503982
274650398
827465039
982746503
398274650
BREAK
039827645
503982764
450398276
645039827
764503982
276450398
827645039
982764503
398276450
BREAK
043627895
504362789
950436278
895043627
789504362
278950436
627895043
362789504
436278950
BREAK
043627985
504362798
850436279
985043627
798504362
279850436
627985043
362798504
436279850
BREAK
043628795
504362879
950436287
795043628
879504362
287950436
628795043
362879504
436287950
BREAK
043628975
504362897
750436289
975043628
897504362
289750436
628975043
362897504
436289750
BREAK
043629785
504362978
850436297
785043629
978504362
297850436
629785043
362978504
436297850
BREAK
043629875
504362987
750436298
875043629
987504362
298750436
629875043
362987504
436298750
BREAK
043726895
504372689
950437268
895043726
689504372
268950437
726895043
372689504
437268950
BREAK
043726985
504372698
850437269
985043726
698504372
269850437
726985043
372698504
437269850
BREAK
043728695
504372869
950437286
695043728
869504372
286950437
728695043
372869504
437286950
BREAK
043728965
504372896
650437289
965043728
896504372
289650437
728965043
372896504
437289650
BREAK
043729685
504372968
850437296
685043729
968504372
296850437
729685043
372968504
437296850
BREAK
043729865
504372986
650437298
865043729
986504372
298650437
729865043
372986504
437298650
BREAK
043826795
504382679
950438267
795043826
679504382
267950438
826795043
382679504
438267950
BREAK
043826975
504382697
750438269
975043826
697504382
269750438
826975043
382697504
438269750
BREAK
043827695
504382769
950438276
695043827
769504382
276950438
827695043
382769504
438276950
BREAK
043827965
504382796
650438279
965043827
796504382
279650438
827965043
382796504
438279650
BREAK
043829675
504382967
750438296
675043829
967504382
296750438
829675043
382967504
438296750
BREAK
043829765
504382976
650438297
765043829
976504382
297650438
829765043
382976504
438297650
BREAK
043926785
504392678
850439267
785043926
678504392
267850439
926785043
392678504
439267850
BREAK
043926875
504392687
750439268
875043926
687504392
268750439
926875043
392687504
439268750
BREAK
043927685
504392768
850439276
685043927
768504392
276850439
927685043
392768504
439276850
BREAK
043927865
504392786
650439278
865043927
786504392
278650439
927865043
392786504
439278650
BREAK
043928675
504392867
750439286
675043928
867504392
286750439
928675043
392867504
439286750
BREAK
043928765
504392876
650439287
765043928
876504392
287650439
928765043
392876504
439287650
BREAK
046327895
504632789
950463278
895046327
789504632
278950463
327895046
632789504
463278950
BREAK
046327985
504632798
850463279
985046327
798504632
279850463
327985046
632798504
463279850
BREAK
046328795
504632879
950463287
795046328
879504632
287950463
328795046
632879504
463287950
BREAK
046328975
504632897
750463289
975046328
897504632
289750463
328975046
632897504
463289750
BREAK
046329785
504632978
850463297
785046329
978504632
297850463
329785046
632978504
463297850
BREAK
046329875
504632987
750463298
875046329
987504632
298750463
329875046
632987504
463298750
BREAK
046723895
504672389
950467238
895046723
389504672
238950467
723895046
672389504
467238950
BREAK
046723985
504672398
850467239
985046723
398504672
239850467
723985046
672398504
467239850
BREAK
046728395
504672839
950467283
395046728
839504672
283950467
728395046
672839504
467283950
BREAK
046728935
504672893
350467289
935046728
893504672
289350467
728935046
672893504
467289350
BREAK
046729385
504672938
850467293
385046729
938504672
293850467
729385046
672938504
467293850
BREAK
046729835
504672983
350467298
835046729
983504672
298350467
729835046
672983504
467298350
BREAK
046823795
504682379
950468237
795046823
379504682
237950468
823795046
682379504
468237950
BREAK
046823975
504682397
750468239
975046823
397504682
239750468
823975046
682397504
468239750
BREAK
046827395
504682739
950468273
395046827
739504682
273950468
827395046
682739504
468273950
BREAK
046827935
504682793
350468279
935046827
793504682
279350468
827935046
682793504
468279350
BREAK
046829375
504682937
750468293
375046829
937504682
293750468
829375046
682937504
468293750
BREAK
046829735
504682973
350468297
735046829
973504682
297350468
829735046
682973504
468297350
BREAK
046923785
504692378
850469237
785046923
378504692
237850469
923785046
692378504
469237850
BREAK
046923875
504692387
750469238
875046923
387504692
238750469
923875046
692387504
469238750
BREAK
046927385
504692738
850469273
385046927
738504692
273850469
927385046
692738504
469273850
BREAK
046927835
504692783
350469278
835046927
783504692
278350469
927835046
692783504
469278350
BREAK
046928375
504692837
750469283
375046928
837504692
283750469
928375046
692837504
469283750
BREAK
046928735
504692873
350469287
735046928
873504692
287350469
928735046
692873504
469287350
BREAK
047326895
504732689
950473268
895047326
689504732
268950473
326895047
732689504
473268950
BREAK
047326985
504732698
850473269
985047326
698504732
269850473
326985047
732698504
473269850
BREAK
047328695
504732869
950473286
695047328
869504732
286950473
328695047
732869504
473286950
BREAK
047328965
504732896
650473289
965047328
896504732
289650473
328965047
732896504
473289650
BREAK
047329685
504732968
850473296
685047329
968504732
296850473
329685047
732968504
473296850
BREAK
047329865
504732986
650473298
865047329
986504732
298650473
329865047
732986504
473298650
BREAK
047623895
504762389
950476238
895047623
389504762
238950476
623895047
762389504
476238950
BREAK
047623985
504762398
850476239
985047623
398504762
239850476
623985047
762398504
476239850
BREAK
047628395
504762839
950476283
395047628
839504762
283950476
628395047
762839504
476283950
BREAK
047628935
504762893
350476289
935047628
893504762
289350476
628935047
762893504
476289350
BREAK
047629385
504762938
850476293
385047629
938504762
293850476
629385047
762938504
476293850
BREAK
047629835
504762983
350476298
835047629
983504762
298350476
629835047
762983504
476298350
BREAK
047823695
504782369
950478236
695047823
369504782
236950478
823695047
782369504
478236950
BREAK
047823965
504782396
650478239
965047823
396504782
239650478
823965047
782396504
478239650
BREAK
047826395
504782639
950478263
395047826
639504782
263950478
826395047
782639504
478263950
BREAK
047826935
504782693
350478269
935047826
693504782
269350478
826935047
782693504
478269350
BREAK
047829365
504782936
650478293
365047829
936504782
293650478
829365047
782936504
478293650
BREAK
047829635
504782963
350478296
635047829
963504782
296350478
829635047
782963504
478296350
BREAK
047923685
504792368
850479236
685047923
368504792
236850479
923685047
792368504
479236850
BREAK
047923865
504792386
650479238
865047923
386504792
238650479
923865047
792386504
479238650
BREAK
047926385
504792638
850479263
385047926
638504792
263850479
926385047
792638504
479263850
BREAK
047926835
504792683
350479268
835047926
683504792
268350479
926835047
792683504
479268350
BREAK
047928365
504792836
650479283
365047928
836504792
283650479
928365047
792836504
479283650
BREAK
047928635
504792863
350479286
635047928
863504792
286350479
928635047
792863504
479286350
BREAK
048326795
504832679
950483267
795048326
679504832
267950483
326795048
832679504
483267950
BREAK
048326975
504832697
750483269
975048326
697504832
269750483
326975048
832697504
483269750
BREAK
048327695
504832769
950483276
695048327
769504832
276950483
327695048
832769504
483276950
BREAK
048327965
504832796
650483279
965048327
796504832
279650483
327965048
832796504
483279650
BREAK
048329675
504832967
750483296
675048329
967504832
296750483
329675048
832967504
483296750
BREAK
048329765
504832976
650483297
765048329
976504832
297650483
329765048
832976504
483297650
BREAK
048623795
504862379
950486237
795048623
379504862
237950486
623795048
862379504
486237950
BREAK
048623975
504862397
750486239
975048623
397504862
239750486
623975048
862397504
486239750
BREAK
048627395
504862739
950486273
395048627
739504862
273950486
627395048
862739504
486273950
BREAK
048627935
504862793
350486279
935048627
793504862
279350486
627935048
862793504
486279350
BREAK
048629375
504862937
750486293
375048629
937504862
293750486
629375048
862937504
486293750
BREAK
048629735
504862973
350486297
735048629
973504862
297350486
629735048
862973504
486297350
BREAK
048723695
504872369
950487236
695048723
369504872
236950487
723695048
872369504
487236950
BREAK
048723965
504872396
650487239
965048723
396504872
239650487
723965048
872396504
487239650
BREAK
048726395
504872639
950487263
395048726
639504872
263950487
726395048
872639504
487263950
BREAK
048726935
504872693
350487269
935048726
693504872
269350487
726935048
872693504
487269350
BREAK
048729365
504872936
650487293
365048729
936504872
293650487
729365048
872936504
487293650
BREAK
048729635
504872963
350487296
635048729
963504872
296350487
729635048
872963504
487296350
BREAK
048923675
504892367
750489236
675048923
367504892
236750489
923675048
892367504
489236750
BREAK
048923765
504892376
650489237
765048923
376504892
237650489
923765048
892376504
489237650
BREAK
048926375
504892637
750489263
375048926
637504892
263750489
926375048
892637504
489263750
BREAK
048926735
504892673
350489267
735048926
673504892
267350489
926735048
892673504
489267350
BREAK
048927365
504892736
650489273
365048927
736504892
273650489
927365048
892736504
489273650
BREAK
048927635
504892763
350489276
635048927
763504892
276350489
927635048
892763504
489276350
BREAK
049326785
504932678
850493267
785049326
678504932
267850493
326785049
932678504
493267850
BREAK
049326875
504932687
750493268
875049326
687504932
268750493
326875049
932687504
493268750
BREAK
049327685
504932768
850493276
685049327
768504932
276850493
327685049
932768504
493276850
BREAK
049327865
504932786
650493278
865049327
786504932
278650493
327865049
932786504
493278650
BREAK
049328675
504932867
750493286
675049328
867504932
286750493
328675049
932867504
493286750
BREAK
049328765
504932876
650493287
765049328
876504932
287650493
328765049
932876504
493287650
BREAK
049623785
504962378
850496237
785049623
378504962
237850496
623785049
962378504
496237850
BREAK
049623875
504962387
750496238
875049623
387504962
238750496
623875049
962387504
496238750
BREAK
049627385
504962738
850496273
385049627
738504962
273850496
627385049
962738504
496273850
BREAK
049627835
504962783
350496278
835049627
783504962
278350496
627835049
962783504
496278350
BREAK
049628375
504962837
750496283
375049628
837504962
283750496
628375049
962837504
496283750
BREAK
049628735
504962873
350496287
735049628
873504962
287350496
628735049
962873504
496287350
BREAK
049723685
504972368
850497236
685049723
368504972
236850497
723685049
972368504
497236850
BREAK
049723865
504972386
650497238
865049723
386504972
238650497
723865049
972386504
497238650
BREAK
049726385
504972638
850497263
385049726
638504972
263850497
726385049
972638504
497263850
BREAK
049726835
504972683
350497268
835049726
683504972
268350497
726835049
972683504
497268350
BREAK
049728365
504972836
650497283
365049728
836504972
283650497
728365049
972836504
497283650
BREAK
049728635
504972863
350497286
635049728
863504972
286350497
728635049
972863504
497286350
BREAK
049823675
504982367
750498236
675049823
367504982
236750498
823675049
982367504
498236750
BREAK
049823765
504982376
650498237
765049823
376504982
237650498
823765049
982376504
498237650
BREAK
049826375
504982637
750498263
375049826
637504982
263750498
826375049
982637504
498263750
BREAK
049826735
504982673
350498267
735049826
673504982
267350498
826735049
982673504
498267350
BREAK
049827365
504982736
650498273
365049827
736504982
273650498
827365049
982736504
498273650
BREAK
049827635
504982763
350498276
635049827
763504982
276350498
827635049
982763504
498276350
BREAK
063427895
506342789
950634278
895063427
789506342
278950634
427895063
342789506
634278950
BREAK
063427985
506342798
850634279
985063427
798506342
279850634
427985063
342798506
634279850
BREAK
063428795
506342879
950634287
795063428
879506342
287950634
428795063
342879506
634287950
BREAK
063428975
506342897
750634289
975063428
897506342
289750634
428975063
342897506
634289750
BREAK
063429785
506342978
850634297
785063429
978506342
297850634
429785063
342978506
634297850
BREAK
063429875
506342987
750634298
875063429
987506342
298750634
429875063
342987506
634298750
BREAK
063724895
506372489
950637248
895063724
489506372
248950637
724895063
372489506
637248950
BREAK
063724985
506372498
850637249
985063724
498506372
249850637
724985063
372498506
637249850
BREAK
063728495
506372849
950637284
495063728
849506372
284950637
728495063
372849506
637284950
BREAK
063728945
506372894
450637289
945063728
894506372
289450637
728945063
372894506
637289450
BREAK
063729485
506372948
850637294
485063729
948506372
294850637
729485063
372948506
637294850
BREAK
063729845
506372984
450637298
845063729
984506372
298450637
729845063
372984506
637298450
BREAK
063824795
506382479
950638247
795063824
479506382
247950638
824795063
382479506
638247950
BREAK
063824975
506382497
750638249
975063824
497506382
249750638
824975063
382497506
638249750
BREAK
063827495
506382749
950638274
495063827
749506382
274950638
827495063
382749506
638274950
BREAK
063827945
506382794
450638279
945063827
794506382
279450638
827945063
382794506
638279450
BREAK
063829475
506382947
750638294
475063829
947506382
294750638
829475063
382947506
638294750
BREAK
063829745
506382974
450638297
745063829
974506382
297450638
829745063
382974506
638297450
BREAK
063924785
506392478
850639247
785063924
478506392
247850639
924785063
392478506
639247850
BREAK
063924875
506392487
750639248
875063924
487506392
248750639
924875063
392487506
639248750
BREAK
063927485
506392748
850639274
485063927
748506392
274850639
927485063
392748506
639274850
BREAK
063927845
506392784
450639278
845063927
784506392
278450639
927845063
392784506
639278450
BREAK
063928475
506392847
750639284
475063928
847506392
284750639
928475063
392847506
639284750
BREAK
063928745
506392874
450639287
745063928
874506392
287450639
928745063
392874506
639287450
BREAK
064327895
506432789
950643278
895064327
789506432
278950643
327895064
432789506
643278950
BREAK
064327985
506432798
850643279
985064327
798506432
279850643
327985064
432798506
643279850
BREAK
064328795
506432879
950643287
795064328
879506432
287950643
328795064
432879506
643287950
BREAK
064328975
506432897
750643289
975064328
897506432
289750643
328975064
432897506
643289750
BREAK
064329785
506432978
850643297
785064329
978506432
297850643
329785064
432978506
643297850
BREAK
064329875
506432987
750643298
875064329
987506432
298750643
329875064
432987506
643298750
BREAK
064723895
506472389
950647238
895064723
389506472
238950647
723895064
472389506
647238950
BREAK
064723985
506472398
850647239
985064723
398506472
239850647
723985064
472398506
647239850
BREAK
064728395
506472839
950647283
395064728
839506472
283950647
728395064
472839506
647283950
BREAK
064728935
506472893
350647289
935064728
893506472
289350647
728935064
472893506
647289350
BREAK
064729385
506472938
850647293
385064729
938506472
293850647
729385064
472938506
647293850
BREAK
064729835
506472983
350647298
835064729
983506472
298350647
729835064
472983506
647298350
BREAK
064823795
506482379
950648237
795064823
379506482
237950648
823795064
482379506
648237950
BREAK
064823975
506482397
750648239
975064823
397506482
239750648
823975064
482397506
648239750
BREAK
064827395
506482739
950648273
395064827
739506482
273950648
827395064
482739506
648273950
BREAK
064827935
506482793
350648279
935064827
793506482
279350648
827935064
482793506
648279350
BREAK
064829375
506482937
750648293
375064829
937506482
293750648
829375064
482937506
648293750
BREAK
064829735
506482973
350648297
735064829
973506482
297350648
829735064
482973506
648297350
BREAK
064923785
506492378
850649237
785064923
378506492
237850649
923785064
492378506
649237850
BREAK
064923875
506492387
750649238
875064923
387506492
238750649
923875064
492387506
649238750
BREAK
064927385
506492738
850649273
385064927
738506492
273850649
927385064
492738506
649273850
BREAK
064927835
506492783
350649278
835064927
783506492
278350649
927835064
492783506
649278350
BREAK
064928375
506492837
750649283
375064928
837506492
283750649
928375064
492837506
649283750
BREAK
064928735
506492873
350649287
735064928
873506492
287350649
928735064
492873506
649287350
BREAK
067324895
506732489
950673248
895067324
489506732
248950673
324895067
732489506
673248950
BREAK
067324985
506732498
850673249
985067324
498506732
249850673
324985067
732498506
673249850
BREAK
067328495
506732849
950673284
495067328
849506732
284950673
328495067
732849506
673284950
BREAK
067328945
506732894
450673289
945067328
894506732
289450673
328945067
732894506
673289450
BREAK
067329485
506732948
850673294
485067329
948506732
294850673
329485067
732948506
673294850
BREAK
067329845
506732984
450673298
845067329
984506732
298450673
329845067
732984506
673298450
BREAK
067423895
506742389
950674238
895067423
389506742
238950674
423895067
742389506
674238950
BREAK
067423985
506742398
850674239
985067423
398506742
239850674
423985067
742398506
674239850
BREAK
067428395
506742839
950674283
395067428
839506742
283950674
428395067
742839506
674283950
BREAK
067428935
506742893
350674289
935067428
893506742
289350674
428935067
742893506
674289350
BREAK
067429385
506742938
850674293
385067429
938506742
293850674
429385067
742938506
674293850
BREAK
067429835
506742983
350674298
835067429
983506742
298350674
429835067
742983506
674298350
BREAK
067823495
506782349
950678234
495067823
349506782
234950678
823495067
782349506
678234950
BREAK
067823945
506782394
450678239
945067823
394506782
239450678
823945067
782394506
678239450
BREAK
067824395
506782439
950678243
395067824
439506782
243950678
824395067
782439506
678243950
BREAK
067824935
506782493
350678249
935067824
493506782
249350678
824935067
782493506
678249350
BREAK
067829345
506782934
450678293
345067829
934506782
293450678
829345067
782934506
678293450
BREAK
067829435
506782943
350678294
435067829
943506782
294350678
829435067
782943506
678294350
BREAK
067923485
506792348
850679234
485067923
348506792
234850679
923485067
792348506
679234850
BREAK
067923845
506792384
450679238
845067923
384506792
238450679
923845067
792384506
679238450
BREAK
067924385
506792438
850679243
385067924
438506792
243850679
924385067
792438506
679243850
BREAK
067924835
506792483
350679248
835067924
483506792
248350679
924835067
792483506
679248350
BREAK
067928345
506792834
450679283
345067928
834506792
283450679
928345067
792834506
679283450
BREAK
067928435
506792843
350679284
435067928
843506792
284350679
928435067
792843506
679284350
BREAK
068324795
506832479
950683247
795068324
479506832
247950683
324795068
832479506
683247950
BREAK
068324975
506832497
750683249
975068324
497506832
249750683
324975068
832497506
683249750
BREAK
068327495
506832749
950683274
495068327
749506832
274950683
327495068
832749506
683274950
BREAK
068327945
506832794
450683279
945068327
794506832
279450683
327945068
832794506
683279450
BREAK
068329475
506832947
750683294
475068329
947506832
294750683
329475068
832947506
683294750
BREAK
068329745
506832974
450683297
745068329
974506832
297450683
329745068
832974506
683297450
BREAK
068423795
506842379
950684237
795068423
379506842
237950684
423795068
842379506
684237950
BREAK
068423975
506842397
750684239
975068423
397506842
239750684
423975068
842397506
684239750
BREAK
068427395
506842739
950684273
395068427
739506842
273950684
427395068
842739506
684273950
BREAK
068427935
506842793
350684279
935068427
793506842
279350684
427935068
842793506
684279350
BREAK
068429375
506842937
750684293
375068429
937506842
293750684
429375068
842937506
684293750
BREAK
068429735
506842973
350684297
735068429
973506842
297350684
429735068
842973506
684297350
BREAK
068723495
506872349
950687234
495068723
349506872
234950687
723495068
872349506
687234950
BREAK
068723945
506872394
450687239
945068723
394506872
239450687
723945068
872394506
687239450
BREAK
068724395
506872439
950687243
395068724
439506872
243950687
724395068
872439506
687243950
BREAK
068724935
506872493
350687249
935068724
493506872
249350687
724935068
872493506
687249350
BREAK
068729345
506872934
450687293
345068729
934506872
293450687
729345068
872934506
687293450
BREAK
068729435
506872943
350687294
435068729
943506872
294350687
729435068
872943506
687294350
BREAK
068923475
506892347
750689234
475068923
347506892
234750689
923475068
892347506
689234750
BREAK
068923745
506892374
450689237
745068923
374506892
237450689
923745068
892374506
689237450
BREAK
068924375
506892437
750689243
375068924
437506892
243750689
924375068
892437506
689243750
BREAK
068924735
506892473
350689247
735068924
473506892
247350689
924735068
892473506
689247350
BREAK
068927345
506892734
450689273
345068927
734506892
273450689
927345068
892734506
689273450
BREAK
068927435
506892743
350689274
435068927
743506892
274350689
927435068
892743506
689274350
BREAK
069324785
506932478
850693247
785069324
478506932
247850693
324785069
932478506
693247850
BREAK
069324875
506932487
750693248
875069324
487506932
248750693
324875069
932487506
693248750
BREAK
069327485
506932748
850693274
485069327
748506932
274850693
327485069
932748506
693274850
BREAK
069327845
506932784
450693278
845069327
784506932
278450693
327845069
932784506
693278450
BREAK
069328475
506932847
750693284
475069328
847506932
284750693
328475069
932847506
693284750
BREAK
069328745
506932874
450693287
745069328
874506932
287450693
328745069
932874506
693287450
BREAK
069423785
506942378
850694237
785069423
378506942
237850694
423785069
942378506
694237850
BREAK
069423875
506942387
750694238
875069423
387506942
238750694
423875069
942387506
694238750
BREAK
069427385
506942738
850694273
385069427
738506942
273850694
427385069
942738506
694273850
BREAK
069427835
506942783
350694278
835069427
783506942
278350694
427835069
942783506
694278350
BREAK
069428375
506942837
750694283
375069428
837506942
283750694
428375069
942837506
694283750
BREAK
069428735
506942873
350694287
735069428
873506942
287350694
428735069
942873506
694287350
BREAK
069723485
506972348
850697234
485069723
348506972
234850697
723485069
972348506
697234850
BREAK
069723845
506972384
450697238
845069723
384506972
238450697
723845069
972384506
697238450
BREAK
069724385
506972438
850697243
385069724
438506972
243850697
724385069
972438506
697243850
BREAK
069724835
506972483
350697248
835069724
483506972
248350697
724835069
972483506
697248350
BREAK
069728345
506972834
450697283
345069728
834506972
283450697
728345069
972834506
697283450
BREAK
069728435
506972843
350697284
435069728
843506972
284350697
728435069
972843506
697284350
BREAK
069823475
506982347
750698234
475069823
347506982
234750698
823475069
982347506
698234750
BREAK
069823745
506982374
450698237
745069823
374506982
237450698
823745069
982374506
698237450
BREAK
069824375
506982437
750698243
375069824
437506982
243750698
824375069
982437506
698243750
BREAK
069824735
506982473
350698247
735069824
473506982
247350698
824735069
982473506
698247350
BREAK
069827345
506982734
450698273
345069827
734506982
273450698
827345069
982734506
698273450
BREAK
069827435
506982743
350698274
435069827
743506982
274350698
827435069
982743506
698274350
BREAK
073426895
507342689
950734268
895073426
689507342
268950734
426895073
342689507
734268950
BREAK
073426985
507342698
850734269
985073426
698507342
269850734
426985073
342698507
734269850
BREAK
073428695
507342869
950734286
695073428
869507342
286950734
428695073
342869507
734286950
BREAK
073428965
507342896
650734289
965073428
896507342
289650734
428965073
342896507
734289650
BREAK
073429685
507342968
850734296
685073429
968507342
296850734
429685073
342968507
734296850
BREAK
073429865
507342986
650734298
865073429
986507342
298650734
429865073
342986507
734298650
BREAK
073624895
507362489
950736248
895073624
489507362
248950736
624895073
362489507
736248950
BREAK
073624985
507362498
850736249
985073624
498507362
249850736
624985073
362498507
736249850
BREAK
073628495
507362849
950736284
495073628
849507362
284950736
628495073
362849507
736284950
BREAK
073628945
507362894
450736289
945073628
894507362
289450736
628945073
362894507
736289450
BREAK
073629485
507362948
850736294
485073629
948507362
294850736
629485073
362948507
736294850
BREAK
073629845
507362984
450736298
845073629
984507362
298450736
629845073
362984507
736298450
BREAK
073824695
507382469
950738246
695073824
469507382
246950738
824695073
382469507
738246950
BREAK
073824965
507382496
650738249
965073824
496507382
249650738
824965073
382496507
738249650
BREAK
073826495
507382649
950738264
495073826
649507382
264950738
826495073
382649507
738264950
BREAK
073826945
507382694
450738269
945073826
694507382
269450738
826945073
382694507
738269450
BREAK
073829465
507382946
650738294
465073829
946507382
294650738
829465073
382946507
738294650
BREAK
073829645
507382964
450738296
645073829
964507382
296450738
829645073
382964507
738296450
BREAK
073924685
507392468
850739246
685073924
468507392
246850739
924685073
392468507
739246850
BREAK
073924865
507392486
650739248
865073924
486507392
248650739
924865073
392486507
739248650
BREAK
073926485
507392648
850739264
485073926
648507392
264850739
926485073
392648507
739264850
BREAK
073926845
507392684
450739268
845073926
684507392
268450739
926845073
392684507
739268450
BREAK
073928465
507392846
650739284
465073928
846507392
284650739
928465073
392846507
739284650
BREAK
073928645
507392864
450739286
645073928
864507392
286450739
928645073
392864507
739286450
BREAK
074326895
507432689
950743268
895074326
689507432
268950743
326895074
432689507
743268950
BREAK
074326985
507432698
850743269
985074326
698507432
269850743
326985074
432698507
743269850
BREAK
074328695
507432869
950743286
695074328
869507432
286950743
328695074
432869507
743286950
BREAK
074328965
507432896
650743289
965074328
896507432
289650743
328965074
432896507
743289650
BREAK
074329685
507432968
850743296
685074329
968507432
296850743
329685074
432968507
743296850
BREAK
074329865
507432986
650743298
865074329
986507432
298650743
329865074
432986507
743298650
BREAK
074623895
507462389
950746238
895074623
389507462
238950746
623895074
462389507
746238950
BREAK
074623985
507462398
850746239
985074623
398507462
239850746
623985074
462398507
746239850
BREAK
074628395
507462839
950746283
395074628
839507462
283950746
628395074
462839507
746283950
BREAK
074628935
507462893
350746289
935074628
893507462
289350746
628935074
462893507
746289350
BREAK
074629385
507462938
850746293
385074629
938507462
293850746
629385074
462938507
746293850
BREAK
074629835
507462983
350746298
835074629
983507462
298350746
629835074
462983507
746298350
BREAK
074823695
507482369
950748236
695074823
369507482
236950748
823695074
482369507
748236950
BREAK
074823965
507482396
650748239
965074823
396507482
239650748
823965074
482396507
748239650
BREAK
074826395
507482639
950748263
395074826
639507482
263950748
826395074
482639507
748263950
BREAK
074826935
507482693
350748269
935074826
693507482
269350748
826935074
482693507
748269350
BREAK
074829365
507482936
650748293
365074829
936507482
293650748
829365074
482936507
748293650
BREAK
074829635
507482963
350748296
635074829
963507482
296350748
829635074
482963507
748296350
BREAK
074923685
507492368
850749236
685074923
368507492
236850749
923685074
492368507
749236850
BREAK
074923865
507492386
650749238
865074923
386507492
238650749
923865074
492386507
749238650
BREAK
074926385
507492638
850749263
385074926
638507492
263850749
926385074
492638507
749263850
BREAK
074926835
507492683
350749268
835074926
683507492
268350749
926835074
492683507
749268350
BREAK
074928365
507492836
650749283
365074928
836507492
283650749
928365074
492836507
749283650
BREAK
074928635
507492863
350749286
635074928
863507492
286350749
928635074
492863507
749286350
BREAK
076324895
507632489
950763248
895076324
489507632
248950763
324895076
632489507
763248950
BREAK
076324985
507632498
850763249
985076324
498507632
249850763
324985076
632498507
763249850
BREAK
076328495
507632849
950763284
495076328
849507632
284950763
328495076
632849507
763284950
BREAK
076328945
507632894
450763289
945076328
894507632
289450763
328945076
632894507
763289450
BREAK
076329485
507632948
850763294
485076329
948507632
294850763
329485076
632948507
763294850
BREAK
076329845
507632984
450763298
845076329
984507632
298450763
329845076
632984507
763298450
BREAK
076423895
507642389
950764238
895076423
389507642
238950764
423895076
642389507
764238950
BREAK
076423985
507642398
850764239
985076423
398507642
239850764
423985076
642398507
764239850
BREAK
076428395
507642839
950764283
395076428
839507642
283950764
428395076
642839507
764283950
BREAK
076428935
507642893
350764289
935076428
893507642
289350764
428935076
642893507
764289350
BREAK
076429385
507642938
850764293
385076429
938507642
293850764
429385076
642938507
764293850
BREAK
076429835
507642983
350764298
835076429
983507642
298350764
429835076
642983507
764298350
BREAK
076823495
507682349
950768234
495076823
349507682
234950768
823495076
682349507
768234950
BREAK
076823945
507682394
450768239
945076823
394507682
239450768
823945076
682394507
768239450
BREAK
076824395
507682439
950768243
395076824
439507682
243950768
824395076
682439507
768243950
BREAK
076824935
507682493
350768249
935076824
493507682
249350768
824935076
682493507
768249350
BREAK
076829345
507682934
450768293
345076829
934507682
293450768
829345076
682934507
768293450
BREAK
076829435
507682943
350768294
435076829
943507682
294350768
829435076
682943507
768294350
BREAK
076923485
507692348
850769234
485076923
348507692
234850769
923485076
692348507
769234850
BREAK
076923845
507692384
450769238
845076923
384507692
238450769
923845076
692384507
769238450
BREAK
076924385
507692438
850769243
385076924
438507692
243850769
924385076
692438507
769243850
BREAK
076924835
507692483
350769248
835076924
483507692
248350769
924835076
692483507
769248350
BREAK
076928345
507692834
450769283
345076928
834507692
283450769
928345076
692834507
769283450
BREAK
076928435
507692843
350769284
435076928
843507692
284350769
928435076
692843507
769284350
BREAK
078324695
507832469
950783246
695078324
469507832
246950783
324695078
832469507
783246950
BREAK
078324965
507832496
650783249
965078324
496507832
249650783
324965078
832496507
783249650
BREAK
078326495
507832649
950783264
495078326
649507832
264950783
326495078
832649507
783264950
BREAK
078326945
507832694
450783269
945078326
694507832
269450783
326945078
832694507
783269450
BREAK
078329465
507832946
650783294
465078329
946507832
294650783
329465078
832946507
783294650
BREAK
078329645
507832964
450783296
645078329
964507832
296450783
329645078
832964507
783296450
BREAK
078423695
507842369
950784236
695078423
369507842
236950784
423695078
842369507
784236950
BREAK
078423965
507842396
650784239
965078423
396507842
239650784
423965078
842396507
784239650
BREAK
078426395
507842639
950784263
395078426
639507842
263950784
426395078
842639507
784263950
BREAK
078426935
507842693
350784269
935078426
693507842
269350784
426935078
842693507
784269350
BREAK
078429365
507842936
650784293
365078429
936507842
293650784
429365078
842936507
784293650
BREAK
078429635
507842963
350784296
635078429
963507842
296350784
429635078
842963507
784296350
BREAK
078623495
507862349
950786234
495078623
349507862
234950786
623495078
862349507
786234950
BREAK
078623945
507862394
450786239
945078623
394507862
239450786
623945078
862394507
786239450
BREAK
078624395
507862439
950786243
395078624
439507862
243950786
624395078
862439507
786243950
BREAK
078624935
507862493
350786249
935078624
493507862
249350786
624935078
862493507
786249350
BREAK
078629345
507862934
450786293
345078629
934507862
293450786
629345078
862934507
786293450
BREAK
078629435
507862943
350786294
435078629
943507862
294350786
629435078
862943507
786294350
BREAK
078923465
507892346
650789234
465078923
346507892
234650789
923465078
892346507
789234650
BREAK
078923645
507892364
450789236
645078923
364507892
236450789
923645078
892364507
789236450
BREAK
078924365
507892436
650789243
365078924
436507892
243650789
924365078
892436507
789243650
BREAK
078924635
507892463
350789246
635078924
463507892
246350789
924635078
892463507
789246350
BREAK
078926345
507892634
450789263
345078926
634507892
263450789
926345078
892634507
789263450
BREAK
078926435
507892643
350789264
435078926
643507892
264350789
926435078
892643507
789264350
BREAK
079324685
507932468
850793246
685079324
468507932
246850793
324685079
932468507
793246850
BREAK
079324865
507932486
650793248
865079324
486507932
248650793
324865079
932486507
793248650
BREAK
079326485
507932648
850793264
485079326
648507932
264850793
326485079
932648507
793264850
BREAK
079326845
507932684
450793268
845079326
684507932
268450793
326845079
932684507
793268450
BREAK
079328465
507932846
650793284
465079328
846507932
284650793
328465079
932846507
793284650
BREAK
079328645
507932864
450793286
645079328
864507932
286450793
328645079
932864507
793286450
BREAK
079423685
507942368
850794236
685079423
368507942
236850794
423685079
942368507
794236850
BREAK
079423865
507942386
650794238
865079423
386507942
238650794
423865079
942386507
794238650
BREAK
079426385
507942638
850794263
385079426
638507942
263850794
426385079
942638507
794263850
BREAK
079426835
507942683
350794268
835079426
683507942
268350794
426835079
942683507
794268350
BREAK
079428365
507942836
650794283
365079428
836507942
283650794
428365079
942836507
794283650
BREAK
079428635
507942863
350794286
635079428
863507942
286350794
428635079
942863507
794286350
BREAK
079623485
507962348
850796234
485079623
348507962
234850796
623485079
962348507
796234850
BREAK
079623845
507962384
450796238
845079623
384507962
238450796
623845079
962384507
796238450
BREAK
079624385
507962438
850796243
385079624
438507962
243850796
624385079
962438507
796243850
BREAK
079624835
507962483
350796248
835079624
483507962
248350796
624835079
962483507
796248350
BREAK
079628345
507962834
450796283
345079628
834507962
283450796
628345079
962834507
796283450
BREAK
079628435
507962843
350796284
435079628
843507962
284350796
628435079
962843507
796284350
BREAK
079823465
507982346
650798234
465079823
346507982
234650798
823465079
982346507
798234650
BREAK
079823645
507982364
450798236
645079823
364507982
236450798
823645079
982364507
798236450
BREAK
079824365
507982436
650798243
365079824
436507982
243650798
824365079
982436507
798243650
BREAK
079824635
507982463
350798246
635079824
463507982
246350798
824635079
982463507
798246350
BREAK
079826345
507982634
450798263
345079826
634507982
263450798
826345079
982634507
798263450
BREAK
079826435
507982643
350798264
435079826
643507982
264350798
826435079
982643507
798264350
BREAK
083426795
508342679
950834267
795083426
679508342
267950834
426795083
342679508
834267950
BREAK
083426975
508342697
750834269
975083426
697508342
269750834
426975083
342697508
834269750
BREAK
083427695
508342769
950834276
695083427
769508342
276950834
427695083
342769508
834276950
BREAK
083427965
508342796
650834279
965083427
796508342
279650834
427965083
342796508
834279650
BREAK
083429675
508342967
750834296
675083429
967508342
296750834
429675083
342967508
834296750
BREAK
083429765
508342976
650834297
765083429
976508342
297650834
429765083
342976508
834297650
BREAK
083624795
508362479
950836247
795083624
479508362
247950836
624795083
362479508
836247950
BREAK
083624975
508362497
750836249
975083624
497508362
249750836
624975083
362497508
836249750
BREAK
083627495
508362749
950836274
495083627
749508362
274950836
627495083
362749508
836274950
BREAK
083627945
508362794
450836279
945083627
794508362
279450836
627945083
362794508
836279450
BREAK
083629475
508362947
750836294
475083629
947508362
294750836
629475083
362947508
836294750
BREAK
083629745
508362974
450836297
745083629
974508362
297450836
629745083
362974508
836297450
BREAK
083724695
508372469
950837246
695083724
469508372
246950837
724695083
372469508
837246950
BREAK
083724965
508372496
650837249
965083724
496508372
249650837
724965083
372496508
837249650
BREAK
083726495
508372649
950837264
495083726
649508372
264950837
726495083
372649508
837264950
BREAK
083726945
508372694
450837269
945083726
694508372
269450837
726945083
372694508
837269450
BREAK
083729465
508372946
650837294
465083729
946508372
294650837
729465083
372946508
837294650
BREAK
083729645
508372964
450837296
645083729
964508372
296450837
729645083
372964508
837296450
BREAK
083924675
508392467
750839246
675083924
467508392
246750839
924675083
392467508
839246750
BREAK
083924765
508392476
650839247
765083924
476508392
247650839
924765083
392476508
839247650
BREAK
083926475
508392647
750839264
475083926
647508392
264750839
926475083
392647508
839264750
BREAK
083926745
508392674
450839267
745083926
674508392
267450839
926745083
392674508
839267450
BREAK
083927465
508392746
650839274
465083927
746508392
274650839
927465083
392746508
839274650
BREAK
083927645
508392764
450839276
645083927
764508392
276450839
927645083
392764508
839276450
BREAK
084326795
508432679
950843267
795084326
679508432
267950843
326795084
432679508
843267950
BREAK
084326975
508432697
750843269
975084326
697508432
269750843
326975084
432697508
843269750
BREAK
084327695
508432769
950843276
695084327
769508432
276950843
327695084
432769508
843276950
BREAK
084327965
508432796
650843279
965084327
796508432
279650843
327965084
432796508
843279650
BREAK
084329675
508432967
750843296
675084329
967508432
296750843
329675084
432967508
843296750
BREAK
084329765
508432976
650843297
765084329
976508432
297650843
329765084
432976508
843297650
BREAK
084623795
508462379
950846237
795084623
379508462
237950846
623795084
462379508
846237950
BREAK
084623975
508462397
750846239
975084623
397508462
239750846
623975084
462397508
846239750
BREAK
084627395
508462739
950846273
395084627
739508462
273950846
627395084
462739508
846273950
BREAK
084627935
508462793
350846279
935084627
793508462
279350846
627935084
462793508
846279350
BREAK
084629375
508462937
750846293
375084629
937508462
293750846
629375084
462937508
846293750
BREAK
084629735
508462973
350846297
735084629
973508462
297350846
629735084
462973508
846297350
BREAK
084723695
508472369
950847236
695084723
369508472
236950847
723695084
472369508
847236950
BREAK
084723965
508472396
650847239
965084723
396508472
239650847
723965084
472396508
847239650
BREAK
084726395
508472639
950847263
395084726
639508472
263950847
726395084
472639508
847263950
BREAK
084726935
508472693
350847269
935084726
693508472
269350847
726935084
472693508
847269350
BREAK
084729365
508472936
650847293
365084729
936508472
293650847
729365084
472936508
847293650
BREAK
084729635
508472963
350847296
635084729
963508472
296350847
729635084
472963508
847296350
BREAK
084923675
508492367
750849236
675084923
367508492
236750849
923675084
492367508
849236750
BREAK
084923765
508492376
650849237
765084923
376508492
237650849
923765084
492376508
849237650
BREAK
084926375
508492637
750849263
375084926
637508492
263750849
926375084
492637508
849263750
BREAK
084926735
508492673
350849267
735084926
673508492
267350849
926735084
492673508
849267350
BREAK
084927365
508492736
650849273
365084927
736508492
273650849
927365084
492736508
849273650
BREAK
084927635
508492763
350849276
635084927
763508492
276350849
927635084
492763508
849276350
BREAK
086324795
508632479
950863247
795086324
479508632
247950863
324795086
632479508
863247950
BREAK
086324975
508632497
750863249
975086324
497508632
249750863
324975086
632497508
863249750
BREAK
086327495
508632749
950863274
495086327
749508632
274950863
327495086
632749508
863274950
BREAK
086327945
508632794
450863279
945086327
794508632
279450863
327945086
632794508
863279450
BREAK
086329475
508632947
750863294
475086329
947508632
294750863
329475086
632947508
863294750
BREAK
086329745
508632974
450863297
745086329
974508632
297450863
329745086
632974508
863297450
BREAK
086423795
508642379
950864237
795086423
379508642
237950864
423795086
642379508
864237950
BREAK
086423975
508642397
750864239
975086423
397508642
239750864
423975086
642397508
864239750
BREAK
086427395
508642739
950864273
395086427
739508642
273950864
427395086
642739508
864273950
BREAK
086427935
508642793
350864279
935086427
793508642
279350864
427935086
642793508
864279350
BREAK
086429375
508642937
750864293
375086429
937508642
293750864
429375086
642937508
864293750
BREAK
086429735
508642973
350864297
735086429
973508642
297350864
429735086
642973508
864297350
BREAK
086723495
508672349
950867234
495086723
349508672
234950867
723495086
672349508
867234950
BREAK
086723945
508672394
450867239
945086723
394508672
239450867
723945086
672394508
867239450
BREAK
086724395
508672439
950867243
395086724
439508672
243950867
724395086
672439508
867243950
BREAK
086724935
508672493
350867249
935086724
493508672
249350867
724935086
672493508
867249350
BREAK
086729345
508672934
450867293
345086729
934508672
293450867
729345086
672934508
867293450
BREAK
086729435
508672943
350867294
435086729
943508672
294350867
729435086
672943508
867294350
BREAK
086923475
508692347
750869234
475086923
347508692
234750869
923475086
692347508
869234750
BREAK
086923745
508692374
450869237
745086923
374508692
237450869
923745086
692374508
869237450
BREAK
086924375
508692437
750869243
375086924
437508692
243750869
924375086
692437508
869243750
BREAK
086924735
508692473
350869247
735086924
473508692
247350869
924735086
692473508
869247350
BREAK
086927345
508692734
450869273
345086927
734508692
273450869
927345086
692734508
869273450
BREAK
086927435
508692743
350869274
435086927
743508692
274350869
927435086
692743508
869274350
BREAK
087324695
508732469
950873246
695087324
469508732
246950873
324695087
732469508
873246950
BREAK
087324965
508732496
650873249
965087324
496508732
249650873
324965087
732496508
873249650
BREAK
087326495
508732649
950873264
495087326
649508732
264950873
326495087
732649508
873264950
BREAK
087326945
508732694
450873269
945087326
694508732
269450873
326945087
732694508
873269450
BREAK
087329465
508732946
650873294
465087329
946508732
294650873
329465087
732946508
873294650
BREAK
087329645
508732964
450873296
645087329
964508732
296450873
329645087
732964508
873296450
BREAK
087423695
508742369
950874236
695087423
369508742
236950874
423695087
742369508
874236950
BREAK
087423965
508742396
650874239
965087423
396508742
239650874
423965087
742396508
874239650
BREAK
087426395
508742639
950874263
395087426
639508742
263950874
426395087
742639508
874263950
BREAK
087426935
508742693
350874269
935087426
693508742
269350874
426935087
742693508
874269350
BREAK
087429365
508742936
650874293
365087429
936508742
293650874
429365087
742936508
874293650
BREAK
087429635
508742963
350874296
635087429
963508742
296350874
429635087
742963508
874296350
BREAK
087623495
508762349
950876234
495087623
349508762
234950876
623495087
762349508
876234950
BREAK
087623945
508762394
450876239
945087623
394508762
239450876
623945087
762394508
876239450
BREAK
087624395
508762439
950876243
395087624
439508762
243950876
624395087
762439508
876243950
BREAK
087624935
508762493
350876249
935087624
493508762
249350876
624935087
762493508
876249350
BREAK
087629345
508762934
450876293
345087629
934508762
293450876
629345087
762934508
876293450
BREAK
087629435
508762943
350876294
435087629
943508762
294350876
629435087
762943508
876294350
BREAK
087923465
508792346
650879234
465087923
346508792
234650879
923465087
792346508
879234650
BREAK
087923645
508792364
450879236
645087923
364508792
236450879
923645087
792364508
879236450
BREAK
087924365
508792436
650879243
365087924
436508792
243650879
924365087
792436508
879243650
BREAK
087924635
508792463
350879246
635087924
463508792
246350879
924635087
792463508
879246350
BREAK
087926345
508792634
450879263
345087926
634508792
263450879
926345087
792634508
879263450
BREAK
087926435
508792643
350879264
435087926
643508792
264350879
926435087
792643508
879264350
BREAK
089324675
508932467
750893246
675089324
467508932
246750893
324675089
932467508
893246750
BREAK
089324765
508932476
650893247
765089324
476508932
247650893
324765089
932476508
893247650
BREAK
089326475
508932647
750893264
475089326
647508932
264750893
326475089
932647508
893264750
BREAK
089326745
508932674
450893267
745089326
674508932
267450893
326745089
932674508
893267450
BREAK
089327465
508932746
650893274
465089327
746508932
274650893
327465089
932746508
893274650
BREAK
089327645
508932764
450893276
645089327
764508932
276450893
327645089
932764508
893276450
BREAK
089423675
508942367
750894236
675089423
367508942
236750894
423675089
942367508
894236750
BREAK
089423765
508942376
650894237
765089423
376508942
237650894
423765089
942376508
894237650
BREAK
089426375
508942637
750894263
375089426
637508942
263750894
426375089
942637508
894263750
BREAK
089426735
508942673
350894267
735089426
673508942
267350894
426735089
942673508
894267350
BREAK
089427365
508942736
650894273
365089427
736508942
273650894
427365089
942736508
894273650
BREAK
089427635
508942763
350894276
635089427
763508942
276350894
427635089
942763508
894276350
BREAK
089623475
508962347
750896234
475089623
347508962
234750896
623475089
962347508
896234750
BREAK
089623745
508962374
450896237
745089623
374508962
237450896
623745089
962374508
896237450
BREAK
089624375
508962437
750896243
375089624
437508962
243750896
624375089
962437508
896243750
BREAK
089624735
508962473
350896247
735089624
473508962
247350896
624735089
962473508
896247350
BREAK
089627345
508962734
450896273
345089627
734508962
273450896
627345089
962734508
896273450
BREAK
089627435
508962743
350896274
435089627
743508962
274350896
627435089
962743508
896274350
BREAK
089723465
508972346
650897234
465089723
346508972
234650897
723465089
972346508
897234650
BREAK
089723645
508972364
450897236
645089723
364508972
236450897
723645089
972364508
897236450
BREAK
089724365
508972436
650897243
365089724
436508972
243650897
724365089
972436508
897243650
BREAK
089724635
508972463
350897246
635089724
463508972
246350897
724635089
972463508
897246350
BREAK
089726345
508972634
450897263
345089726
634508972
263450897
726345089
972634508
897263450
BREAK
089726435
508972643
350897264
435089726
643508972
264350897
726435089
972643508
897264350
BREAK
093426785
509342678
850934267
785093426
678509342
267850934
426785093
342678509
934267850
BREAK
093426875
509342687
750934268
875093426
687509342
268750934
426875093
342687509
934268750
BREAK
093427685
509342768
850934276
685093427
768509342
276850934
427685093
342768509
934276850
BREAK
093427865
509342786
650934278
865093427
786509342
278650934
427865093
342786509
934278650
BREAK
093428675
509342867
750934286
675093428
867509342
286750934
428675093
342867509
934286750
BREAK
093428765
509342876
650934287
765093428
876509342
287650934
428765093
342876509
934287650
BREAK
093624785
509362478
850936247
785093624
478509362
247850936
624785093
362478509
936247850
BREAK
093624875
509362487
750936248
875093624
487509362
248750936
624875093
362487509
936248750
BREAK
093627485
509362748
850936274
485093627
748509362
274850936
627485093
362748509
936274850
BREAK
093627845
509362784
450936278
845093627
784509362
278450936
627845093
362784509
936278450
BREAK
093628475
509362847
750936284
475093628
847509362
284750936
628475093
362847509
936284750
BREAK
093628745
509362874
450936287
745093628
874509362
287450936
628745093
362874509
936287450
BREAK
093724685
509372468
850937246
685093724
468509372
246850937
724685093
372468509
937246850
BREAK
093724865
509372486
650937248
865093724
486509372
248650937
724865093
372486509
937248650
BREAK
093726485
509372648
850937264
485093726
648509372
264850937
726485093
372648509
937264850
BREAK
093726845
509372684
450937268
845093726
684509372
268450937
726845093
372684509
937268450
BREAK
093728465
509372846
650937284
465093728
846509372
284650937
728465093
372846509
937284650
BREAK
093728645
509372864
450937286
645093728
864509372
286450937
728645093
372864509
937286450
BREAK
093824675
509382467
750938246
675093824
467509382
246750938
824675093
382467509
938246750
BREAK
093824765
509382476
650938247
765093824
476509382
247650938
824765093
382476509
938247650
BREAK
093826475
509382647
750938264
475093826
647509382
264750938
826475093
382647509
938264750
BREAK
093826745
509382674
450938267
745093826
674509382
267450938
826745093
382674509
938267450
BREAK
093827465
509382746
650938274
465093827
746509382
274650938
827465093
382746509
938274650
BREAK
093827645
509382764
450938276
645093827
764509382
276450938
827645093
382764509
938276450
BREAK
094326785
509432678
850943267
785094326
678509432
267850943
326785094
432678509
943267850
BREAK
094326875
509432687
750943268
875094326
687509432
268750943
326875094
432687509
943268750
BREAK
094327685
509432768
850943276
685094327
768509432
276850943
327685094
432768509
943276850
BREAK
094327865
509432786
650943278
865094327
786509432
278650943
327865094
432786509
943278650
BREAK
094328675
509432867
750943286
675094328
867509432
286750943
328675094
432867509
943286750
BREAK
094328765
509432876
650943287
765094328
876509432
287650943
328765094
432876509
943287650
BREAK
094623785
509462378
850946237
785094623
378509462
237850946
623785094
462378509
946237850
BREAK
094623875
509462387
750946238
875094623
387509462
238750946
623875094
462387509
946238750
BREAK
094627385
509462738
850946273
385094627
738509462
273850946
627385094
462738509
946273850
BREAK
094627835
509462783
350946278
835094627
783509462
278350946
627835094
462783509
946278350
BREAK
094628375
509462837
750946283
375094628
837509462
283750946
628375094
462837509
946283750
BREAK
094628735
509462873
350946287
735094628
873509462
287350946
628735094
462873509
946287350
BREAK
094723685
509472368
850947236
685094723
368509472
236850947
723685094
472368509
947236850
BREAK
094723865
509472386
650947238
865094723
386509472
238650947
723865094
472386509
947238650
BREAK
094726385
509472638
850947263
385094726
638509472
263850947
726385094
472638509
947263850
BREAK
094726835
509472683
350947268
835094726
683509472
268350947
726835094
472683509
947268350
BREAK
094728365
509472836
650947283
365094728
836509472
283650947
728365094
472836509
947283650
BREAK
094728635
509472863
350947286
635094728
863509472
286350947
728635094
472863509
947286350
BREAK
094823675
509482367
750948236
675094823
367509482
236750948
823675094
482367509
948236750
BREAK
094823765
509482376
650948237
765094823
376509482
237650948
823765094
482376509
948237650
BREAK
094826375
509482637
750948263
375094826
637509482
263750948
826375094
482637509
948263750
BREAK
094826735
509482673
350948267
735094826
673509482
267350948
826735094
482673509
948267350
BREAK
094827365
509482736
650948273
365094827
736509482
273650948
827365094
482736509
948273650
BREAK
094827635
509482763
350948276
635094827
763509482
276350948
827635094
482763509
948276350
BREAK
096324785
509632478
850963247
785096324
478509632
247850963
324785096
632478509
963247850
BREAK
096324875
509632487
750963248
875096324
487509632
248750963
324875096
632487509
963248750
BREAK
096327485
509632748
850963274
485096327
748509632
274850963
327485096
632748509
963274850
BREAK
096327845
509632784
450963278
845096327
784509632
278450963
327845096
632784509
963278450
BREAK
096328475
509632847
750963284
475096328
847509632
284750963
328475096
632847509
963284750
BREAK
096328745
509632874
450963287
745096328
874509632
287450963
328745096
632874509
963287450
BREAK
096423785
509642378
850964237
785096423
378509642
237850964
423785096
642378509
964237850
BREAK
096423875
509642387
750964238
875096423
387509642
238750964
423875096
642387509
964238750
BREAK
096427385
509642738
850964273
385096427
738509642
273850964
427385096
642738509
964273850
BREAK
096427835
509642783
350964278
835096427
783509642
278350964
427835096
642783509
964278350
BREAK
096428375
509642837
750964283
375096428
837509642
283750964
428375096
642837509
964283750
BREAK
096428735
509642873
350964287
735096428
873509642
287350964
428735096
642873509
964287350
BREAK
096723485
509672348
850967234
485096723
348509672
234850967
723485096
672348509
967234850
BREAK
096723845
509672384
450967238
845096723
384509672
238450967
723845096
672384509
967238450
BREAK
096724385
509672438
850967243
385096724
438509672
243850967
724385096
672438509
967243850
BREAK
096724835
509672483
350967248
835096724
483509672
248350967
724835096
672483509
967248350
BREAK
096728345
509672834
450967283
345096728
834509672
283450967
728345096
672834509
967283450
BREAK
096728435
509672843
350967284
435096728
843509672
284350967
728435096
672843509
967284350
BREAK
096823475
509682347
750968234
475096823
347509682
234750968
823475096
682347509
968234750
BREAK
096823745
509682374
450968237
745096823
374509682
237450968
823745096
682374509
968237450
BREAK
096824375
509682437
750968243
375096824
437509682
243750968
824375096
682437509
968243750
BREAK
096824735
509682473
350968247
735096824
473509682
247350968
824735096
682473509
968247350
BREAK
096827345
509682734
450968273
345096827
734509682
273450968
827345096
682734509
968273450
BREAK
096827435
509682743
350968274
435096827
743509682
274350968
827435096
682743509
968274350
BREAK
097324685
509732468
850973246
685097324
468509732
246850973
324685097
732468509
973246850
BREAK
097324865
509732486
650973248
865097324
486509732
248650973
324865097
732486509
973248650
BREAK
097326485
509732648
850973264
485097326
648509732
264850973
326485097
732648509
973264850
BREAK
097326845
509732684
450973268
845097326
684509732
268450973
326845097
732684509
973268450
BREAK
097328465
509732846
650973284
465097328
846509732
284650973
328465097
732846509
973284650
BREAK
097328645
509732864
450973286
645097328
864509732
286450973
328645097
732864509
973286450
BREAK
097423685
509742368
850974236
685097423
368509742
236850974
423685097
742368509
974236850
BREAK
097423865
509742386
650974238
865097423
386509742
238650974
423865097
742386509
974238650
BREAK
097426385
509742638
850974263
385097426
638509742
263850974
426385097
742638509
974263850
BREAK
097426835
509742683
350974268
835097426
683509742
268350974
426835097
742683509
974268350
BREAK
097428365
509742836
650974283
365097428
836509742
283650974
428365097
742836509
974283650
BREAK
097428635
509742863
350974286
635097428
863509742
286350974
428635097
742863509
974286350
BREAK
097623485
509762348
850976234
485097623
348509762
234850976
623485097
762348509
976234850
BREAK
097623845
509762384
450976238
845097623
384509762
238450976
623845097
762384509
976238450
BREAK
097624385
509762438
850976243
385097624
438509762
243850976
624385097
762438509
976243850
BREAK
097624835
509762483
350976248
835097624
483509762
248350976
624835097
762483509
976248350
BREAK
097628345
509762834
450976283
345097628
834509762
283450976
628345097
762834509
976283450
BREAK
097628435
509762843
350976284
435097628
843509762
284350976
628435097
762843509
976284350
BREAK
097823465
509782346
650978234
465097823
346509782
234650978
823465097
782346509
978234650
BREAK
097823645
509782364
450978236
645097823
364509782
236450978
823645097
782364509
978236450
BREAK
097824365
509782436
650978243
365097824
436509782
243650978
824365097
782436509
978243650
BREAK
097824635
509782463
350978246
635097824
463509782
246350978
824635097
782463509
978246350
BREAK
097826345
509782634
450978263
345097826
634509782
263450978
826345097
782634509
978263450
BREAK
097826435
509782643
350978264
435097826
643509782
264350978
826435097
782643509
978264350
BREAK
098324675
509832467
750983246
675098324
467509832
246750983
324675098
832467509
983246750
BREAK
098324765
509832476
650983247
765098324
476509832
247650983
324765098
832476509
983247650
BREAK
098326475
509832647
750983264
475098326
647509832
264750983
326475098
832647509
983264750
BREAK
098326745
509832674
450983267
745098326
674509832
267450983
326745098
832674509
983267450
BREAK
098327465
509832746
650983274
465098327
746509832
274650983
327465098
832746509
983274650
BREAK
098327645
509832764
450983276
645098327
764509832
276450983
327645098
832764509
983276450
BREAK
098423675
509842367
750984236
675098423
367509842
236750984
423675098
842367509
984236750
BREAK
098423765
509842376
650984237
765098423
376509842
237650984
423765098
842376509
984237650
BREAK
098426375
509842637
750984263
375098426
637509842
263750984
426375098
842637509
984263750
BREAK
098426735
509842673
350984267
735098426
673509842
267350984
426735098
842673509
984267350
BREAK
098427365
509842736
650984273
365098427
736509842
273650984
427365098
842736509
984273650
BREAK
098427635
509842763
350984276
635098427
763509842
276350984
427635098
842763509
984276350
BREAK
098623475
509862347
750986234
475098623
347509862
234750986
623475098
862347509
986234750
BREAK
098623745
509862374
450986237
745098623
374509862
237450986
623745098
862374509
986237450
BREAK
098624375
509862437
750986243
375098624
437509862
243750986
624375098
862437509
986243750
BREAK
098624735
509862473
350986247
735098624
473509862
247350986
624735098
862473509
986247350
BREAK
098627345
509862734
450986273
345098627
734509862
273450986
627345098
862734509
986273450
BREAK
098627435
509862743
350986274
435098627
743509862
274350986
627435098
862743509
986274350
BREAK
098723465
509872346
650987234
465098723
346509872
234650987
723465098
872346509
987234650
BREAK
098723645
509872364
450987236
645098723
364509872
236450987
723645098
872364509
987236450
BREAK
098724365
509872436
650987243
365098724
436509872
243650987
724365098
872436509
987243650
BREAK
098724635
509872463
350987246
635098724
463509872
246350987
724635098
872463509
987246350
BREAK
098726345
509872634
450987263
345098726
634509872
263450987
726345098
872634509
987263450
BREAK
098726435
509872643
350987264
435098726
643509872
264350987
726435098
872643509
987264350
