BREAK
014627895
501462789
950146278
895014627
789501462
278950146
627895014
462789501
146278950
BREAK
014627985
501462798
850146279
985014627
798501462
279850146
627985014
462798501
146279850
BREAK
014628795
501462879
950146287
795014628
879501462
287950146
628795014
462879501
146287950
BREAK
014628975
501462897
750146289
975014628
897501462
289750146
628975014
462897501
146289750
BREAK
014629785
501462978
850146297
785014629
978501462
297850146
629785014
462978501
146297850
BREAK
014629875
501462987
750146298
875014629
987501462
298750146
629875014
462987501
146298750
BREAK
014726895
501472689
950147268
895014726
689501472
268950147
726895014
472689501
147268950
BREAK
014726985
501472698
850147269
985014726
698501472
269850147
726985014
472698501
147269850
BREAK
014728695
501472869
950147286
695014728
869501472
286950147
728695014
472869501
147286950
BREAK
014728965
501472896
650147289
965014728
896501472
289650147
728965014
472896501
147289650
BREAK
014729685
501472968
850147296
685014729
968501472
296850147
729685014
472968501
147296850
BREAK
014729865
501472986
650147298
865014729
986501472
298650147
729865014
472986501
147298650
BREAK
014826795
501482679
950148267
795014826
679501482
267950148
826795014
482679501
148267950
BREAK
014826975
501482697
750148269
975014826
697501482
269750148
826975014
482697501
148269750
BREAK
014827695
501482769
950148276
695014827
769501482
276950148
827695014
482769501
148276950
BREAK
014827965
501482796
650148279
965014827
796501482
279650148
827965014
482796501
148279650
BREAK
014829675
501482967
750148296
675014829
967501482
296750148
829675014
482967501
148296750
BREAK
014829765
501482976
650148297
765014829
976501482
297650148
829765014
482976501
148297650
BREAK
014926785
501492678
850149267
785014926
678501492
267850149
926785014
492678501
149267850
BREAK
014926875
501492687
750149268
875014926
687501492
268750149
926875014
492687501
149268750
BREAK
014927685
501492768
850149276
685014927
768501492
276850149
927685014
492768501
149276850
BREAK
014927865
501492786
650149278
865014927
786501492
278650149
927865014
492786501
149278650
BREAK
014928675
501492867
750149286
675014928
867501492
286750149
928675014
492867501
149286750
BREAK
014928765
501492876
650149287
765014928
876501492
287650149
928765014
492876501
149287650
BREAK
016427895
501642789
950164278
895016427
789501642
278950164
427895016
642789501
164278950
BREAK
016427985
501642798
850164279
985016427
798501642
279850164
427985016
642798501
164279850
BREAK
016428795
501642879
950164287
795016428
879501642
287950164
428795016
642879501
164287950
BREAK
016428975
501642897
750164289
975016428
897501642
289750164
428975016
642897501
164289750
BREAK
016429785
501642978
850164297
785016429
978501642
297850164
429785016
642978501
164297850
BREAK
016429875
501642987
750164298
875016429
987501642
298750164
429875016
642987501
164298750
BREAK
016724895
501672489
950167248
895016724
489501672
248950167
724895016
672489501
167248950
BREAK
016724985
501672498
850167249
985016724
498501672
249850167
724985016
672498501
167249850
BREAK
016728495
501672849
950167284
495016728
849501672
284950167
728495016
672849501
167284950
BREAK
016728945
501672894
450167289
945016728
894501672
289450167
728945016
672894501
167289450
BREAK
016729485
501672948
850167294
485016729
948501672
294850167
729485016
672948501
167294850
BREAK
016729845
501672984
450167298
845016729
984501672
298450167
729845016
672984501
167298450
BREAK
016824795
501682479
950168247
795016824
479501682
247950168
824795016
682479501
168247950
BREAK
016824975
501682497
750168249
975016824
497501682
249750168
824975016
682497501
168249750
BREAK
016827495
501682749
950168274
495016827
749501682
274950168
827495016
682749501
168274950
BREAK
016827945
501682794
450168279
945016827
794501682
279450168
827945016
682794501
168279450
BREAK
016829475
501682947
750168294
475016829
947501682
294750168
829475016
682947501
168294750
BREAK
016829745
501682974
450168297
745016829
974501682
297450168
829745016
682974501
168297450
BREAK
016924785
501692478
850169247
785016924
478501692
247850169
924785016
692478501
169247850
BREAK
016924875
501692487
750169248
875016924
487501692
248750169
924875016
692487501
169248750
BREAK
016927485
501692748
850169274
485016927
748501692
274850169
927485016
692748501
169274850
BREAK
016927845
501692784
450169278
845016927
784501692
278450169
927845016
692784501
169278450
BREAK
016928475
501692847
750169284
475016928
847501692
284750169
928475016
692847501
169284750
BREAK
016928745
501692874
450169287
745016928
874501692
287450169
928745016
692874501
169287450
BREAK
017426895
501742689
950174268
895017426
689501742
268950174
426895017
742689501
174268950
BREAK
017426985
501742698
850174269
985017426
698501742
269850174
426985017
742698501
174269850
BREAK
017428695
501742869
950174286
695017428
869501742
286950174
428695017
742869501
174286950
BREAK
017428965
501742896
650174289
965017428
896501742
289650174
428965017
742896501
174289650
BREAK
017429685
501742968
850174296
685017429
968501742
296850174
429685017
742968501
174296850
BREAK
017429865
501742986
650174298
865017429
986501742
298650174
429865017
742986501
174298650
BREAK
017624895
501762489
950176248
895017624
489501762
248950176
624895017
762489501
176248950
BREAK
017624985
501762498
850176249
985017624
498501762
249850176
624985017
762498501
176249850
BREAK
017628495
501762849
950176284
495017628
849501762
284950176
628495017
762849501
176284950
BREAK
017628945
501762894
450176289
945017628
894501762
289450176
628945017
762894501
176289450
BREAK
017629485
501762948
850176294
485017629
948501762
294850176
629485017
762948501
176294850
BREAK
017629845
501762984
450176298
845017629
984501762
298450176
629845017
762984501
176298450
BREAK
017824695
501782469
950178246
695017824
469501782
246950178
824695017
782469501
178246950
BREAK
017824965
501782496
650178249
965017824
496501782
249650178
824965017
782496501
178249650
BREAK
017826495
501782649
950178264
495017826
649501782
264950178
826495017
782649501
178264950
BREAK
017826945
501782694
450178269
945017826
694501782
269450178
826945017
782694501
178269450
BREAK
017829465
501782946
650178294
465017829
946501782
294650178
829465017
782946501
178294650
BREAK
017829645
501782964
450178296
645017829
964501782
296450178
829645017
782964501
178296450
BREAK
017924685
501792468
850179246
685017924
468501792
246850179
924685017
792468501
179246850
BREAK
017924865
501792486
650179248
865017924
486501792
248650179
924865017
792486501
179248650
BREAK
017926485
501792648
850179264
485017926
648501792
264850179
926485017
792648501
179264850
BREAK
017926845
501792684
450179268
845017926
684501792
268450179
926845017
792684501
179268450
BREAK
017928465
501792846
650179284
465017928
846501792
284650179
928465017
792846501
179284650
BREAK
017928645
501792864
450179286
645017928
864501792
286450179
928645017
792864501
179286450
BREAK
018426795
501842679
950184267
795018426
679501842
267950184
426795018
842679501
184267950
BREAK
018426975
501842697
750184269
975018426
697501842
269750184
426975018
842697501
184269750
BREAK
018427695
501842769
950184276
695018427
769501842
276950184
427695018
842769501
184276950
BREAK
018427965
501842796
650184279
965018427
796501842
279650184
427965018
842796501
184279650
BREAK
018429675
501842967
750184296
675018429
967501842
296750184
429675018
842967501
184296750
BREAK
018429765
501842976
650184297
765018429
976501842
297650184
429765018
842976501
184297650
BREAK
018624795
501862479
950186247
795018624
479501862
247950186
624795018
862479501
186247950
BREAK
018624975
501862497
750186249
975018624
497501862
249750186
624975018
862497501
186249750
BREAK
018627495
501862749
950186274
495018627
749501862
274950186
627495018
862749501
186274950
BREAK
018627945
501862794
450186279
945018627
794501862
279450186
627945018
862794501
186279450
BREAK
018629475
501862947
750186294
475018629
947501862
294750186
629475018
862947501
186294750
BREAK
018629745
501862974
450186297
745018629
974501862
297450186
629745018
862974501
186297450
BREAK
018724695
501872469
950187246
695018724
469501872
246950187
724695018
872469501
187246950
BREAK
018724965
501872496
650187249
965018724
496501872
249650187
724965018
872496501
187249650
BREAK
018726495
501872649
950187264
495018726
649501872
264950187
726495018
872649501
187264950
BREAK
018726945
501872694
450187269
945018726
694501872
269450187
726945018
872694501
187269450
BREAK
018729465
501872946
650187294
465018729
946501872
294650187
729465018
872946501
187294650
BREAK
018729645
501872964
450187296
645018729
964501872
296450187
729645018
872964501
187296450
BREAK
018924675
501892467
750189246
675018924
467501892
246750189
924675018
892467501
189246750
BREAK
018924765
501892476
650189247
765018924
476501892
247650189
924765018
892476501
189247650
BREAK
018926475
501892647
750189264
475018926
647501892
264750189
926475018
892647501
189264750
BREAK
018926745
501892674
450189267
745018926
674501892
267450189
926745018
892674501
189267450
BREAK
018927465
501892746
650189274
465018927
746501892
274650189
927465018
892746501
189274650
BREAK
018927645
501892764
450189276
645018927
764501892
276450189
927645018
892764501
189276450
BREAK
019426785
501942678
850194267
785019426
678501942
267850194
426785019
942678501
194267850
BREAK
019426875
501942687
750194268
875019426
687501942
268750194
426875019
942687501
194268750
BREAK
019427685
501942768
850194276
685019427
768501942
276850194
427685019
942768501
194276850
BREAK
019427865
501942786
650194278
865019427
786501942
278650194
427865019
942786501
194278650
BREAK
019428675
501942867
750194286
675019428
867501942
286750194
428675019
942867501
194286750
BREAK
019428765
501942876
650194287
765019428
876501942
287650194
428765019
942876501
194287650
BREAK
019624785
501962478
850196247
785019624
478501962
247850196
624785019
962478501
196247850
BREAK
019624875
501962487
750196248
875019624
487501962
248750196
624875019
962487501
196248750
BREAK
019627485
501962748
850196274
485019627
748501962
274850196
627485019
962748501
196274850
BREAK
019627845
501962784
450196278
845019627
784501962
278450196
627845019
962784501
196278450
BREAK
019628475
501962847
750196284
475019628
847501962
284750196
628475019
962847501
196284750
BREAK
019628745
501962874
450196287
745019628
874501962
287450196
628745019
962874501
196287450
BREAK
019724685
501972468
850197246
685019724
468501972
246850197
724685019
972468501
197246850
BREAK
019724865
501972486
650197248
865019724
486501972
248650197
724865019
972486501
197248650
BREAK
019726485
501972648
850197264
485019726
648501972
264850197
726485019
972648501
197264850
BREAK
019726845
501972684
450197268
845019726
684501972
268450197
726845019
972684501
197268450
BREAK
019728465
501972846
650197284
465019728
846501972
284650197
728465019
972846501
197284650
BREAK
019728645
501972864
450197286
645019728
864501972
286450197
728645019
972864501
197286450
BREAK
019824675
501982467
750198246
675019824
467501982
246750198
824675019
982467501
198246750
BREAK
019824765
501982476
650198247
765019824
476501982
247650198
824765019
982476501
198247650
BREAK
019826475
501982647
750198264
475019826
647501982
264750198
826475019
982647501
198264750
BREAK
019826745
501982674
450198267
745019826
674501982
267450198
826745019
982674501
198267450
BREAK
019827465
501982746
650198274
465019827
746501982
274650198
827465019
982746501
198274650
BREAK
019827645
501982764
450198276
645019827
764501982
276450198
827645019
982764501
198276450
BREAK
041627895
504162789
950416278
895041627
789504162
278950416
627895041
162789504
416278950
BREAK
041627985
504162798
850416279
985041627
798504162
279850416
627985041
162798504
416279850
BREAK
041628795
504162879
950416287
795041628
879504162
287950416
628795041
162879504
416287950
BREAK
041628975
504162897
750416289
975041628
897504162
289750416
628975041
162897504
416289750
BREAK
041629785
504162978
850416297
785041629
978504162
297850416
629785041
162978504
416297850
BREAK
041629875
504162987
750416298
875041629
987504162
298750416
629875041
162987504
416298750
BREAK
041726895
504172689
950417268
895041726
689504172
268950417
726895041
172689504
417268950
BREAK
041726985
504172698
850417269
985041726
698504172
269850417
726985041
172698504
417269850
BREAK
041728695
504172869
950417286
695041728
869504172
286950417
728695041
172869504
417286950
BREAK
041728965
504172896
650417289
965041728
896504172
289650417
728965041
172896504
417289650
BREAK
041729685
504172968
850417296
685041729
968504172
296850417
729685041
172968504
417296850
BREAK
041729865
504172986
650417298
865041729
986504172
298650417
729865041
172986504
417298650
BREAK
041826795
504182679
950418267
795041826
679504182
267950418
826795041
182679504
418267950
BREAK
041826975
504182697
750418269
975041826
697504182
269750418
826975041
182697504
418269750
BREAK
041827695
504182769
950418276
695041827
769504182
276950418
827695041
182769504
418276950
BREAK
041827965
504182796
650418279
965041827
796504182
279650418
827965041
182796504
418279650
BREAK
041829675
504182967
750418296
675041829
967504182
296750418
829675041
182967504
418296750
BREAK
041829765
504182976
650418297
765041829
976504182
297650418
829765041
182976504
418297650
BREAK
041926785
504192678
850419267
785041926
678504192
267850419
926785041
192678504
419267850
BREAK
041926875
504192687
750419268
875041926
687504192
268750419
926875041
192687504
419268750
BREAK
041927685
504192768
850419276
685041927
768504192
276850419
927685041
192768504
419276850
BREAK
041927865
504192786
650419278
865041927
786504192
278650419
927865041
192786504
419278650
BREAK
041928675
504192867
750419286
675041928
867504192
286750419
928675041
192867504
419286750
BREAK
041928765
504192876
650419287
765041928
876504192
287650419
928765041
192876504
419287650
BREAK
046127895
504612789
950461278
895046127
789504612
278950461
127895046
612789504
461278950
BREAK
046127985
504612798
850461279
985046127
798504612
279850461
127985046
612798504
461279850
BREAK
046128795
504612879
950461287
795046128
879504612
287950461
128795046
612879504
461287950
BREAK
046128975
504612897
750461289
975046128
897504612
289750461
128975046
612897504
461289750
BREAK
046129785
504612978
850461297
785046129
978504612
297850461
129785046
612978504
461297850
BREAK
046129875
504612987
750461298
875046129
987504612
298750461
129875046
612987504
461298750
BREAK
046721895
504672189
950467218
895046721
189504672
218950467
721895046
672189504
467218950
BREAK
046721985
504672198
850467219
985046721
198504672
219850467
721985046
672198504
467219850
BREAK
046728195
504672819
950467281
195046728
819504672
281950467
728195046
672819504
467281950
BREAK
046728915
504672891
150467289
915046728
891504672
289150467
728915046
672891504
467289150
BREAK
046729185
504672918
850467291
185046729
918504672
291850467
729185046
672918504
467291850
BREAK
046729815
504672981
150467298
815046729
981504672
298150467
729815046
672981504
467298150
BREAK
046821795
504682179
950468217
795046821
179504682
217950468
821795046
682179504
468217950
BREAK
046821975
504682197
750468219
975046821
197504682
219750468
821975046
682197504
468219750
BREAK
046827195
504682719
950468271
195046827
719504682
271950468
827195046
682719504
468271950
BREAK
046827915
504682791
150468279
915046827
791504682
279150468
827915046
682791504
468279150
BREAK
046829175
504682917
750468291
175046829
917504682
291750468
829175046
682917504
468291750
BREAK
046829715
504682971
150468297
715046829
971504682
297150468
829715046
682971504
468297150
BREAK
046921785
504692178
850469217
785046921
178504692
217850469
921785046
692178504
469217850
BREAK
046921875
504692187
750469218
875046921
187504692
218750469
921875046
692187504
469218750
BREAK
046927185
504692718
850469271
185046927
718504692
271850469
927185046
692718504
469271850
BREAK
046927815
504692781
150469278
815046927
781504692
278150469
927815046
692781504
469278150
BREAK
046928175
504692817
750469281
175046928
817504692
281750469
928175046
692817504
469281750
BREAK
046928715
504692871
150469287
715046928
871504692
287150469
928715046
692871504
469287150
BREAK
047126895
504712689
950471268
895047126
689504712
268950471
126895047
712689504
471268950
BREAK
047126985
504712698
850471269
985047126
698504712
269850471
126985047
712698504
471269850
BREAK
047128695
504712869
950471286
695047128
869504712
286950471
128695047
712869504
471286950
BREAK
047128965
504712896
650471289
965047128
896504712
289650471
128965047
712896504
471289650
BREAK
047129685
504712968
850471296
685047129
968504712
296850471
129685047
712968504
471296850
BREAK
047129865
504712986
650471298
865047129
986504712
298650471
129865047
712986504
471298650
BREAK
047621895
504762189
950476218
895047621
189504762
218950476
621895047
762189504
476218950
BREAK
047621985
504762198
850476219
985047621
198504762
219850476
621985047
762198504
476219850
BREAK
047628195
504762819
950476281
195047628
819504762
281950476
628195047
762819504
476281950
BREAK
047628915
504762891
150476289
915047628
891504762
289150476
628915047
762891504
476289150
BREAK
047629185
504762918
850476291
185047629
918504762
291850476
629185047
762918504
476291850
BREAK
047629815
504762981
150476298
815047629
981504762
298150476
629815047
762981504
476298150
BREAK
047821695
504782169
950478216
695047821
169504782
216950478
821695047
782169504
478216950
BREAK
047821965
504782196
650478219
965047821
196504782
219650478
821965047
782196504
478219650
BREAK
047826195
504782619
950478261
195047826
619504782
261950478
826195047
782619504
478261950
BREAK
047826915
504782691
150478269
915047826
691504782
269150478
826915047
782691504
478269150
BREAK
047829165
504782916
650478291
165047829
916504782
291650478
829165047
782916504
478291650
BREAK
047829615
504782961
150478296
615047829
961504782
296150478
829615047
782961504
478296150
BREAK
047921685
504792168
850479216
685047921
168504792
216850479
921685047
792168504
479216850
BREAK
047921865
504792186
650479218
865047921
186504792
218650479
921865047
792186504
479218650
BREAK
047926185
504792618
850479261
185047926
618504792
261850479
926185047
792618504
479261850
BREAK
047926815
504792681
150479268
815047926
681504792
268150479
926815047
792681504
479268150
BREAK
047928165
504792816
650479281
165047928
816504792
281650479
928165047
792816504
479281650
BREAK
047928615
504792861
150479286
615047928
861504792
286150479
928615047
792861504
479286150
BREAK
048126795
504812679
950481267
795048126
679504812
267950481
126795048
812679504
481267950
BREAK
048126975
504812697
750481269
975048126
697504812
269750481
126975048
812697504
481269750
BREAK
048127695
504812769
950481276
695048127
769504812
276950481
127695048
812769504
481276950
BREAK
048127965
504812796
650481279
965048127
796504812
279650481
127965048
812796504
481279650
BREAK
048129675
504812967
750481296
675048129
967504812
296750481
129675048
812967504
481296750
BREAK
048129765
504812976
650481297
765048129
976504812
297650481
129765048
812976504
481297650
BREAK
048621795
504862179
950486217
795048621
179504862
217950486
621795048
862179504
486217950
BREAK
048621975
504862197
750486219
975048621
197504862
219750486
621975048
862197504
486219750
BREAK
048627195
504862719
950486271
195048627
719504862
271950486
627195048
862719504
486271950
BREAK
048627915
504862791
150486279
915048627
791504862
279150486
627915048
862791504
486279150
BREAK
048629175
504862917
750486291
175048629
917504862
291750486
629175048
862917504
486291750
BREAK
048629715
504862971
150486297
715048629
971504862
297150486
629715048
862971504
486297150
BREAK
048721695
504872169
950487216
695048721
169504872
216950487
721695048
872169504
487216950
BREAK
048721965
504872196
650487219
965048721
196504872
219650487
721965048
872196504
487219650
BREAK
048726195
504872619
950487261
195048726
619504872
261950487
726195048
872619504
487261950
BREAK
048726915
504872691
150487269
915048726
691504872
269150487
726915048
872691504
487269150
BREAK
048729165
504872916
650487291
165048729
916504872
291650487
729165048
872916504
487291650
BREAK
048729615
504872961
150487296
615048729
961504872
296150487
729615048
872961504
487296150
BREAK
048921675
504892167
750489216
675048921
167504892
216750489
921675048
892167504
489216750
BREAK
048921765
504892176
650489217
765048921
176504892
217650489
921765048
892176504
489217650
BREAK
048926175
504892617
750489261
175048926
617504892
261750489
926175048
892617504
489261750
BREAK
048926715
504892671
150489267
715048926
671504892
267150489
926715048
892671504
489267150
BREAK
048927165
504892716
650489271
165048927
716504892
271650489
927165048
892716504
489271650
BREAK
048927615
504892761
150489276
615048927
761504892
276150489
927615048
892761504
489276150
BREAK
049126785
504912678
850491267
785049126
678504912
267850491
126785049
912678504
491267850
BREAK
049126875
504912687
750491268
875049126
687504912
268750491
126875049
912687504
491268750
BREAK
049127685
504912768
850491276
685049127
768504912
276850491
127685049
912768504
491276850
BREAK
049127865
504912786
650491278
865049127
786504912
278650491
127865049
912786504
491278650
BREAK
049128675
504912867
750491286
675049128
867504912
286750491
128675049
912867504
491286750
BREAK
049128765
504912876
650491287
765049128
876504912
287650491
128765049
912876504
491287650
BREAK
049621785
504962178
850496217
785049621
178504962
217850496
621785049
962178504
496217850
BREAK
049621875
504962187
750496218
875049621
187504962
218750496
621875049
962187504
496218750
BREAK
049627185
504962718
850496271
185049627
718504962
271850496
627185049
962718504
496271850
BREAK
049627815
504962781
150496278
815049627
781504962
278150496
627815049
962781504
496278150
BREAK
049628175
504962817
750496281
175049628
817504962
281750496
628175049
962817504
496281750
BREAK
049628715
504962871
150496287
715049628
871504962
287150496
628715049
962871504
496287150
BREAK
049721685
504972168
850497216
685049721
168504972
216850497
721685049
972168504
497216850
BREAK
049721865
504972186
650497218
865049721
186504972
218650497
721865049
972186504
497218650
BREAK
049726185
504972618
850497261
185049726
618504972
261850497
726185049
972618504
497261850
BREAK
049726815
504972681
150497268
815049726
681504972
268150497
726815049
972681504
497268150
BREAK
049728165
504972816
650497281
165049728
816504972
281650497
728165049
972816504
497281650
BREAK
049728615
504972861
150497286
615049728
861504972
286150497
728615049
972861504
497286150
BREAK
049821675
504982167
750498216
675049821
167504982
216750498
821675049
982167504
498216750
BREAK
049821765
504982176
650498217
765049821
176504982
217650498
821765049
982176504
498217650
BREAK
049826175
504982617
750498261
175049826
617504982
261750498
826175049
982617504
498261750
BREAK
049826715
504982671
150498267
715049826
671504982
267150498
826715049
982671504
498267150
BREAK
049827165
504982716
650498271
165049827
716504982
271650498
827165049
982716504
498271650
BREAK
049827615
504982761
150498276
615049827
761504982
276150498
827615049
982761504
498276150
BREAK
061427895
506142789
950614278
895061427
789506142
278950614
427895061
142789506
614278950
BREAK
061427985
506142798
850614279
985061427
798506142
279850614
427985061
142798506
614279850
BREAK
061428795
506142879
950614287
795061428
879506142
287950614
428795061
142879506
614287950
BREAK
061428975
506142897
750614289
975061428
897506142
289750614
428975061
142897506
614289750
BREAK
061429785
506142978
850614297
785061429
978506142
297850614
429785061
142978506
614297850
BREAK
061429875
506142987
750614298
875061429
987506142
298750614
429875061
142987506
614298750
BREAK
061724895
506172489
950617248
895061724
489506172
248950617
724895061
172489506
617248950
BREAK
061724985
506172498
850617249
985061724
498506172
249850617
724985061
172498506
617249850
BREAK
061728495
506172849
950617284
495061728
849506172
284950617
728495061
172849506
617284950
BREAK
061728945
506172894
450617289
945061728
894506172
289450617
728945061
172894506
617289450
BREAK
061729485
506172948
850617294
485061729
948506172
294850617
729485061
172948506
617294850
BREAK
061729845
506172984
450617298
845061729
984506172
298450617
729845061
172984506
617298450
BREAK
061824795
506182479
950618247
795061824
479506182
247950618
824795061
182479506
618247950
BREAK
061824975
506182497
750618249
975061824
497506182
249750618
824975061
182497506
618249750
BREAK
061827495
506182749
950618274
495061827
749506182
274950618
827495061
182749506
618274950
BREAK
061827945
506182794
450618279
945061827
794506182
279450618
827945061
182794506
618279450
BREAK
061829475
506182947
750618294
475061829
947506182
294750618
829475061
182947506
618294750
BREAK
061829745
506182974
450618297
745061829
974506182
297450618
829745061
182974506
618297450
BREAK
061924785
506192478
850619247
785061924
478506192
247850619
924785061
192478506
619247850
BREAK
061924875
506192487
750619248
875061924
487506192
248750619
924875061
192487506
619248750
BREAK
061927485
506192748
850619274
485061927
748506192
274850619
927485061
192748506
619274850
BREAK
061927845
506192784
450619278
845061927
784506192
278450619
927845061
192784506
619278450
BREAK
061928475
506192847
750619284
475061928
847506192
284750619
928475061
192847506
619284750
BREAK
061928745
506192874
450619287
745061928
874506192
287450619
928745061
192874506
619287450
BREAK
064127895
506412789
950641278
895064127
789506412
278950641
127895064
412789506
641278950
BREAK
064127985
506412798
850641279
985064127
798506412
279850641
127985064
412798506
641279850
BREAK
064128795
506412879
950641287
795064128
879506412
287950641
128795064
412879506
641287950
BREAK
064128975
506412897
750641289
975064128
897506412
289750641
128975064
412897506
641289750
BREAK
064129785
506412978
850641297
785064129
978506412
297850641
129785064
412978506
641297850
BREAK
064129875
506412987
750641298
875064129
987506412
298750641
129875064
412987506
641298750
BREAK
064721895
506472189
950647218
895064721
189506472
218950647
721895064
472189506
647218950
BREAK
064721985
506472198
850647219
985064721
198506472
219850647
721985064
472198506
647219850
BREAK
064728195
506472819
950647281
195064728
819506472
281950647
728195064
472819506
647281950
BREAK
064728915
506472891
150647289
915064728
891506472
289150647
728915064
472891506
647289150
BREAK
064729185
506472918
850647291
185064729
918506472
291850647
729185064
472918506
647291850
BREAK
064729815
506472981
150647298
815064729
981506472
298150647
729815064
472981506
647298150
BREAK
064821795
506482179
950648217
795064821
179506482
217950648
821795064
482179506
648217950
BREAK
064821975
506482197
750648219
975064821
197506482
219750648
821975064
482197506
648219750
BREAK
064827195
506482719
950648271
195064827
719506482
271950648
827195064
482719506
648271950
BREAK
064827915
506482791
150648279
915064827
791506482
279150648
827915064
482791506
648279150
BREAK
064829175
506482917
750648291
175064829
917506482
291750648
829175064
482917506
648291750
BREAK
064829715
506482971
150648297
715064829
971506482
297150648
829715064
482971506
648297150
BREAK
064921785
506492178
850649217
785064921
178506492
217850649
921785064
492178506
649217850
BREAK
064921875
506492187
750649218
875064921
187506492
218750649
921875064
492187506
649218750
BREAK
064927185
506492718
850649271
185064927
718506492
271850649
927185064
492718506
649271850
BREAK
064927815
506492781
150649278
815064927
781506492
278150649
927815064
492781506
649278150
BREAK
064928175
506492817
750649281
175064928
817506492
281750649
928175064
492817506
649281750
BREAK
064928715
506492871
150649287
715064928
871506492
287150649
928715064
492871506
649287150
BREAK
067124895
506712489
950671248
895067124
489506712
248950671
124895067
712489506
671248950
BREAK
067124985
506712498
850671249
985067124
498506712
249850671
124985067
712498506
671249850
BREAK
067128495
506712849
950671284
495067128
849506712
284950671
128495067
712849506
671284950
BREAK
067128945
506712894
450671289
945067128
894506712
289450671
128945067
712894506
671289450
BREAK
067129485
506712948
850671294
485067129
948506712
294850671
129485067
712948506
671294850
BREAK
067129845
506712984
450671298
845067129
984506712
298450671
129845067
712984506
671298450
BREAK
067421895
506742189
950674218
895067421
189506742
218950674
421895067
742189506
674218950
BREAK
067421985
506742198
850674219
985067421
198506742
219850674
421985067
742198506
674219850
BREAK
067428195
506742819
950674281
195067428
819506742
281950674
428195067
742819506
674281950
BREAK
067428915
506742891
150674289
915067428
891506742
289150674
428915067
742891506
674289150
BREAK
067429185
506742918
850674291
185067429
918506742
291850674
429185067
742918506
674291850
BREAK
067429815
506742981
150674298
815067429
981506742
298150674
429815067
742981506
674298150
BREAK
067821495
506782149
950678214
495067821
149506782
214950678
821495067
782149506
678214950
BREAK
067821945
506782194
450678219
945067821
194506782
219450678
821945067
782194506
678219450
BREAK
067824195
506782419
950678241
195067824
419506782
241950678
824195067
782419506
678241950
BREAK
067824915
506782491
150678249
915067824
491506782
249150678
824915067
782491506
678249150
BREAK
067829145
506782914
450678291
145067829
914506782
291450678
829145067
782914506
678291450
BREAK
067829415
506782941
150678294
415067829
941506782
294150678
829415067
782941506
678294150
BREAK
067921485
506792148
850679214
485067921
148506792
214850679
921485067
792148506
679214850
BREAK
067921845
506792184
450679218
845067921
184506792
218450679
921845067
792184506
679218450
BREAK
067924185
506792418
850679241
185067924
418506792
241850679
924185067
792418506
679241850
BREAK
067924815
506792481
150679248
815067924
481506792
248150679
924815067
792481506
679248150
BREAK
067928145
506792814
450679281
145067928
814506792
281450679
928145067
792814506
679281450
BREAK
067928415
506792841
150679284
415067928
841506792
284150679
928415067
792841506
679284150
BREAK
068124795
506812479
950681247
795068124
479506812
247950681
124795068
812479506
681247950
BREAK
068124975
506812497
750681249
975068124
497506812
249750681
124975068
812497506
681249750
BREAK
068127495
506812749
950681274
495068127
749506812
274950681
127495068
812749506
681274950
BREAK
068127945
506812794
450681279
945068127
794506812
279450681
127945068
812794506
681279450
BREAK
068129475
506812947
750681294
475068129
947506812
294750681
129475068
812947506
681294750
BREAK
068129745
506812974
450681297
745068129
974506812
297450681
129745068
812974506
681297450
BREAK
068421795
506842179
950684217
795068421
179506842
217950684
421795068
842179506
684217950
BREAK
068421975
506842197
750684219
975068421
197506842
219750684
421975068
842197506
684219750
BREAK
068427195
506842719
950684271
195068427
719506842
271950684
427195068
842719506
684271950
BREAK
068427915
506842791
150684279
915068427
791506842
279150684
427915068
842791506
684279150
BREAK
068429175
506842917
750684291
175068429
917506842
291750684
429175068
842917506
684291750
BREAK
068429715
506842971
150684297
715068429
971506842
297150684
429715068
842971506
684297150
BREAK
068721495
506872149
950687214
495068721
149506872
214950687
721495068
872149506
687214950
BREAK
068721945
506872194
450687219
945068721
194506872
219450687
721945068
872194506
687219450
BREAK
068724195
506872419
950687241
195068724
419506872
241950687
724195068
872419506
687241950
BREAK
068724915
506872491
150687249
915068724
491506872
249150687
724915068
872491506
687249150
BREAK
068729145
506872914
450687291
145068729
914506872
291450687
729145068
872914506
687291450
BREAK
068729415
506872941
150687294
415068729
941506872
294150687
729415068
872941506
687294150
BREAK
068921475
506892147
750689214
475068921
147506892
214750689
921475068
892147506
689214750
BREAK
068921745
506892174
450689217
745068921
174506892
217450689
921745068
892174506
689217450
BREAK
068924175
506892417
750689241
175068924
417506892
241750689
924175068
892417506
689241750
BREAK
068924715
506892471
150689247
715068924
471506892
247150689
924715068
892471506
689247150
BREAK
068927145
506892714
450689271
145068927
714506892
271450689
927145068
892714506
689271450
BREAK
068927415
506892741
150689274
415068927
741506892
274150689
927415068
892741506
689274150
BREAK
069124785
506912478
850691247
785069124
478506912
247850691
124785069
912478506
691247850
BREAK
069124875
506912487
750691248
875069124
487506912
248750691
124875069
912487506
691248750
BREAK
069127485
506912748
850691274
485069127
748506912
274850691
127485069
912748506
691274850
BREAK
069127845
506912784
450691278
845069127
784506912
278450691
127845069
912784506
691278450
BREAK
069128475
506912847
750691284
475069128
847506912
284750691
128475069
912847506
691284750
BREAK
069128745
506912874
450691287
745069128
874506912
287450691
128745069
912874506
691287450
BREAK
069421785
506942178
850694217
785069421
178506942
217850694
421785069
942178506
694217850
BREAK
069421875
506942187
750694218
875069421
187506942
218750694
421875069
942187506
694218750
BREAK
069427185
506942718
850694271
185069427
718506942
271850694
427185069
942718506
694271850
BREAK
069427815
506942781
150694278
815069427
781506942
278150694
427815069
942781506
694278150
BREAK
069428175
506942817
750694281
175069428
817506942
281750694
428175069
942817506
694281750
BREAK
069428715
506942871
150694287
715069428
871506942
287150694
428715069
942871506
694287150
BREAK
069721485
506972148
850697214
485069721
148506972
214850697
721485069
972148506
697214850
BREAK
069721845
506972184
450697218
845069721
184506972
218450697
721845069
972184506
697218450
BREAK
069724185
506972418
850697241
185069724
418506972
241850697
724185069
972418506
697241850
BREAK
069724815
506972481
150697248
815069724
481506972
248150697
724815069
972481506
697248150
BREAK
069728145
506972814
450697281
145069728
814506972
281450697
728145069
972814506
697281450
BREAK
069728415
506972841
150697284
415069728
841506972
284150697
728415069
972841506
697284150
BREAK
069821475
506982147
750698214
475069821
147506982
214750698
821475069
982147506
698214750
BREAK
069821745
506982174
450698217
745069821
174506982
217450698
821745069
982174506
698217450
BREAK
069824175
506982417
750698241
175069824
417506982
241750698
824175069
982417506
698241750
BREAK
069824715
506982471
150698247
715069824
471506982
247150698
824715069
982471506
698247150
BREAK
069827145
506982714
450698271
145069827
714506982
271450698
827145069
982714506
698271450
BREAK
069827415
506982741
150698274
415069827
741506982
274150698
827415069
982741506
698274150
BREAK
071426895
507142689
950714268
895071426
689507142
268950714
426895071
142689507
714268950
BREAK
071426985
507142698
850714269
985071426
698507142
269850714
426985071
142698507
714269850
BREAK
071428695
507142869
950714286
695071428
869507142
286950714
428695071
142869507
714286950
BREAK
071428965
507142896
650714289
965071428
896507142
289650714
428965071
142896507
714289650
BREAK
071429685
507142968
850714296
685071429
968507142
296850714
429685071
142968507
714296850
BREAK
071429865
507142986
650714298
865071429
986507142
298650714
429865071
142986507
714298650
BREAK
071624895
507162489
950716248
895071624
489507162
248950716
624895071
162489507
716248950
BREAK
071624985
507162498
850716249
985071624
498507162
249850716
624985071
162498507
716249850
BREAK
071628495
507162849
950716284
495071628
849507162
284950716
628495071
162849507
716284950
BREAK
071628945
507162894
450716289
945071628
894507162
289450716
628945071
162894507
716289450
BREAK
071629485
507162948
850716294
485071629
948507162
294850716
629485071
162948507
716294850
BREAK
071629845
507162984
450716298
845071629
984507162
298450716
629845071
162984507
716298450
BREAK
071824695
507182469
950718246
695071824
469507182
246950718
824695071
182469507
718246950
BREAK
071824965
507182496
650718249
965071824
496507182
249650718
824965071
182496507
718249650
BREAK
071826495
507182649
950718264
495071826
649507182
264950718
826495071
182649507
718264950
BREAK
071826945
507182694
450718269
945071826
694507182
269450718
826945071
182694507
718269450
BREAK
071829465
507182946
650718294
465071829
946507182
294650718
829465071
182946507
718294650
BREAK
071829645
507182964
450718296
645071829
964507182
296450718
829645071
182964507
718296450
BREAK
071924685
507192468
850719246
685071924
468507192
246850719
924685071
192468507
719246850
BREAK
071924865
507192486
650719248
865071924
486507192
248650719
924865071
192486507
719248650
BREAK
071926485
507192648
850719264
485071926
648507192
264850719
926485071
192648507
719264850
BREAK
071926845
507192684
450719268
845071926
684507192
268450719
926845071
192684507
719268450
BREAK
071928465
507192846
650719284
465071928
846507192
284650719
928465071
192846507
719284650
BREAK
071928645
507192864
450719286
645071928
864507192
286450719
928645071
192864507
719286450
BREAK
074126895
507412689
950741268
895074126
689507412
268950741
126895074
412689507
741268950
BREAK
074126985
507412698
850741269
985074126
698507412
269850741
126985074
412698507
741269850
BREAK
074128695
507412869
950741286
695074128
869507412
286950741
128695074
412869507
741286950
BREAK
074128965
507412896
650741289
965074128
896507412
289650741
128965074
412896507
741289650
BREAK
074129685
507412968
850741296
685074129
968507412
296850741
129685074
412968507
741296850
BREAK
074129865
507412986
650741298
865074129
986507412
298650741
129865074
412986507
741298650
BREAK
074621895
507462189
950746218
895074621
189507462
218950746
621895074
462189507
746218950
BREAK
074621985
507462198
850746219
985074621
198507462
219850746
621985074
462198507
746219850
BREAK
074628195
507462819
950746281
195074628
819507462
281950746
628195074
462819507
746281950
BREAK
074628915
507462891
150746289
915074628
891507462
289150746
628915074
462891507
746289150
BREAK
074629185
507462918
850746291
185074629
918507462
291850746
629185074
462918507
746291850
BREAK
074629815
507462981
150746298
815074629
981507462
298150746
629815074
462981507
746298150
BREAK
074821695
507482169
950748216
695074821
169507482
216950748
821695074
482169507
748216950
BREAK
074821965
507482196
650748219
965074821
196507482
219650748
821965074
482196507
748219650
BREAK
074826195
507482619
950748261
195074826
619507482
261950748
826195074
482619507
748261950
BREAK
074826915
507482691
150748269
915074826
691507482
269150748
826915074
482691507
748269150
BREAK
074829165
507482916
650748291
165074829
916507482
291650748
829165074
482916507
748291650
BREAK
074829615
507482961
150748296
615074829
961507482
296150748
829615074
482961507
748296150
BREAK
074921685
507492168
850749216
685074921
168507492
216850749
921685074
492168507
749216850
BREAK
074921865
507492186
650749218
865074921
186507492
218650749
921865074
492186507
749218650
BREAK
074926185
507492618
850749261
185074926
618507492
261850749
926185074
492618507
749261850
BREAK
074926815
507492681
150749268
815074926
681507492
268150749
926815074
492681507
749268150
BREAK
074928165
507492816
650749281
165074928
816507492
281650749
928165074
492816507
749281650
BREAK
074928615
507492861
150749286
615074928
861507492
286150749
928615074
492861507
749286150
BREAK
076124895
507612489
950761248
895076124
489507612
248950761
124895076
612489507
761248950
BREAK
076124985
507612498
850761249
985076124
498507612
249850761
124985076
612498507
761249850
BREAK
076128495
507612849
950761284
495076128
849507612
284950761
128495076
612849507
761284950
BREAK
076128945
507612894
450761289
945076128
894507612
289450761
128945076
612894507
761289450
BREAK
076129485
507612948
850761294
485076129
948507612
294850761
129485076
612948507
761294850
BREAK
076129845
507612984
450761298
845076129
984507612
298450761
129845076
612984507
761298450
BREAK
076421895
507642189
950764218
895076421
189507642
218950764
421895076
642189507
764218950
BREAK
076421985
507642198
850764219
985076421
198507642
219850764
421985076
642198507
764219850
BREAK
076428195
507642819
950764281
195076428
819507642
281950764
428195076
642819507
764281950
BREAK
076428915
507642891
150764289
915076428
891507642
289150764
428915076
642891507
764289150
BREAK
076429185
507642918
850764291
185076429
918507642
291850764
429185076
642918507
764291850
BREAK
076429815
507642981
150764298
815076429
981507642
298150764
429815076
642981507
764298150
BREAK
076821495
507682149
950768214
495076821
149507682
214950768
821495076
682149507
768214950
BREAK
076821945
507682194
450768219
945076821
194507682
219450768
821945076
682194507
768219450
BREAK
076824195
507682419
950768241
195076824
419507682
241950768
824195076
682419507
768241950
BREAK
076824915
507682491
150768249
915076824
491507682
249150768
824915076
682491507
768249150
BREAK
076829145
507682914
450768291
145076829
914507682
291450768
829145076
682914507
768291450
BREAK
076829415
507682941
150768294
415076829
941507682
294150768
829415076
682941507
768294150
BREAK
076921485
507692148
850769214
485076921
148507692
214850769
921485076
692148507
769214850
BREAK
076921845
507692184
450769218
845076921
184507692
218450769
921845076
692184507
769218450
BREAK
076924185
507692418
850769241
185076924
418507692
241850769
924185076
692418507
769241850
BREAK
076924815
507692481
150769248
815076924
481507692
248150769
924815076
692481507
769248150
BREAK
076928145
507692814
450769281
145076928
814507692
281450769
928145076
692814507
769281450
BREAK
076928415
507692841
150769284
415076928
841507692
284150769
928415076
692841507
769284150
BREAK
078124695
507812469
950781246
695078124
469507812
246950781
124695078
812469507
781246950
BREAK
078124965
507812496
650781249
965078124
496507812
249650781
124965078
812496507
781249650
BREAK
078126495
507812649
950781264
495078126
649507812
264950781
126495078
812649507
781264950
BREAK
078126945
507812694
450781269
945078126
694507812
269450781
126945078
812694507
781269450
BREAK
078129465
507812946
650781294
465078129
946507812
294650781
129465078
812946507
781294650
BREAK
078129645
507812964
450781296
645078129
964507812
296450781
129645078
812964507
781296450
BREAK
078421695
507842169
950784216
695078421
169507842
216950784
421695078
842169507
784216950
BREAK
078421965
507842196
650784219
965078421
196507842
219650784
421965078
842196507
784219650
BREAK
078426195
507842619
950784261
195078426
619507842
261950784
426195078
842619507
784261950
BREAK
078426915
507842691
150784269
915078426
691507842
269150784
426915078
842691507
784269150
BREAK
078429165
507842916
650784291
165078429
916507842
291650784
429165078
842916507
784291650
BREAK
078429615
507842961
150784296
615078429
961507842
296150784
429615078
842961507
784296150
BREAK
078621495
507862149
950786214
495078621
149507862
214950786
621495078
862149507
786214950
BREAK
078621945
507862194
450786219
945078621
194507862
219450786
621945078
862194507
786219450
BREAK
078624195
507862419
950786241
195078624
419507862
241950786
624195078
862419507
786241950
BREAK
078624915
507862491
150786249
915078624
491507862
249150786
624915078
862491507
786249150
BREAK
078629145
507862914
450786291
145078629
914507862
291450786
629145078
862914507
786291450
BREAK
078629415
507862941
150786294
415078629
941507862
294150786
629415078
862941507
786294150
BREAK
078921465
507892146
650789214
465078921
146507892
214650789
921465078
892146507
789214650
BREAK
078921645
507892164
450789216
645078921
164507892
216450789
921645078
892164507
789216450
BREAK
078924165
507892416
650789241
165078924
416507892
241650789
924165078
892416507
789241650
BREAK
078924615
507892461
150789246
615078924
461507892
246150789
924615078
892461507
789246150
BREAK
078926145
507892614
450789261
145078926
614507892
261450789
926145078
892614507
789261450
BREAK
078926415
507892641
150789264
415078926
641507892
264150789
926415078
892641507
789264150
BREAK
079124685
507912468
850791246
685079124
468507912
246850791
124685079
912468507
791246850
BREAK
079124865
507912486
650791248
865079124
486507912
248650791
124865079
912486507
791248650
BREAK
079126485
507912648
850791264
485079126
648507912
264850791
126485079
912648507
791264850
BREAK
079126845
507912684
450791268
845079126
684507912
268450791
126845079
912684507
791268450
BREAK
079128465
507912846
650791284
465079128
846507912
284650791
128465079
912846507
791284650
BREAK
079128645
507912864
450791286
645079128
864507912
286450791
128645079
912864507
791286450
BREAK
079421685
507942168
850794216
685079421
168507942
216850794
421685079
942168507
794216850
BREAK
079421865
507942186
650794218
865079421
186507942
218650794
421865079
942186507
794218650
BREAK
079426185
507942618
850794261
185079426
618507942
261850794
426185079
942618507
794261850
BREAK
079426815
507942681
150794268
815079426
681507942
268150794
426815079
942681507
794268150
BREAK
079428165
507942816
650794281
165079428
816507942
281650794
428165079
942816507
794281650
BREAK
079428615
507942861
150794286
615079428
861507942
286150794
428615079
942861507
794286150
BREAK
079621485
507962148
850796214
485079621
148507962
214850796
621485079
962148507
796214850
BREAK
079621845
507962184
450796218
845079621
184507962
218450796
621845079
962184507
796218450
BREAK
079624185
507962418
850796241
185079624
418507962
241850796
624185079
962418507
796241850
BREAK
079624815
507962481
150796248
815079624
481507962
248150796
624815079
962481507
796248150
BREAK
079628145
507962814
450796281
145079628
814507962
281450796
628145079
962814507
796281450
BREAK
079628415
507962841
150796284
415079628
841507962
284150796
628415079
962841507
796284150
BREAK
079821465
507982146
650798214
465079821
146507982
214650798
821465079
982146507
798214650
BREAK
079821645
507982164
450798216
645079821
164507982
216450798
821645079
982164507
798216450
BREAK
079824165
507982416
650798241
165079824
416507982
241650798
824165079
982416507
798241650
BREAK
079824615
507982461
150798246
615079824
461507982
246150798
824615079
982461507
798246150
BREAK
079826145
507982614
450798261
145079826
614507982
261450798
826145079
982614507
798261450
BREAK
079826415
507982641
150798264
415079826
641507982
264150798
826415079
982641507
798264150
BREAK
081426795
508142679
950814267
795081426
679508142
267950814
426795081
142679508
814267950
BREAK
081426975
508142697
750814269
975081426
697508142
269750814
426975081
142697508
814269750
BREAK
081427695
508142769
950814276
695081427
769508142
276950814
427695081
142769508
814276950
BREAK
081427965
508142796
650814279
965081427
796508142
279650814
427965081
142796508
814279650
BREAK
081429675
508142967
750814296
675081429
967508142
296750814
429675081
142967508
814296750
BREAK
081429765
508142976
650814297
765081429
976508142
297650814
429765081
142976508
814297650
BREAK
081624795
508162479
950816247
795081624
479508162
247950816
624795081
162479508
816247950
BREAK
081624975
508162497
750816249
975081624
497508162
249750816
624975081
162497508
816249750
BREAK
081627495
508162749
950816274
495081627
749508162
274950816
627495081
162749508
816274950
BREAK
081627945
508162794
450816279
945081627
794508162
279450816
627945081
162794508
816279450
BREAK
081629475
508162947
750816294
475081629
947508162
294750816
629475081
162947508
816294750
BREAK
081629745
508162974
450816297
745081629
974508162
297450816
629745081
162974508
816297450
BREAK
081724695
508172469
950817246
695081724
469508172
246950817
724695081
172469508
817246950
BREAK
081724965
508172496
650817249
965081724
496508172
249650817
724965081
172496508
817249650
BREAK
081726495
508172649
950817264
495081726
649508172
264950817
726495081
172649508
817264950
BREAK
081726945
508172694
450817269
945081726
694508172
269450817
726945081
172694508
817269450
BREAK
081729465
508172946
650817294
465081729
946508172
294650817
729465081
172946508
817294650
BREAK
081729645
508172964
450817296
645081729
964508172
296450817
729645081
172964508
817296450
BREAK
081924675
508192467
750819246
675081924
467508192
246750819
924675081
192467508
819246750
BREAK
081924765
508192476
650819247
765081924
476508192
247650819
924765081
192476508
819247650
BREAK
081926475
508192647
750819264
475081926
647508192
264750819
926475081
192647508
819264750
BREAK
081926745
508192674
450819267
745081926
674508192
267450819
926745081
192674508
819267450
BREAK
081927465
508192746
650819274
465081927
746508192
274650819
927465081
192746508
819274650
BREAK
081927645
508192764
450819276
645081927
764508192
276450819
927645081
192764508
819276450
BREAK
084126795
508412679
950841267
795084126
679508412
267950841
126795084
412679508
841267950
BREAK
084126975
508412697
750841269
975084126
697508412
269750841
126975084
412697508
841269750
BREAK
084127695
508412769
950841276
695084127
769508412
276950841
127695084
412769508
841276950
BREAK
084127965
508412796
650841279
965084127
796508412
279650841
127965084
412796508
841279650
BREAK
084129675
508412967
750841296
675084129
967508412
296750841
129675084
412967508
841296750
BREAK
084129765
508412976
650841297
765084129
976508412
297650841
129765084
412976508
841297650
BREAK
084621795
508462179
950846217
795084621
179508462
217950846
621795084
462179508
846217950
BREAK
084621975
508462197
750846219
975084621
197508462
219750846
621975084
462197508
846219750
BREAK
084627195
508462719
950846271
195084627
719508462
271950846
627195084
462719508
846271950
BREAK
084627915
508462791
150846279
915084627
791508462
279150846
627915084
462791508
846279150
BREAK
084629175
508462917
750846291
175084629
917508462
291750846
629175084
462917508
846291750
BREAK
084629715
508462971
150846297
715084629
971508462
297150846
629715084
462971508
846297150
BREAK
084721695
508472169
950847216
695084721
169508472
216950847
721695084
472169508
847216950
BREAK
084721965
508472196
650847219
965084721
196508472
219650847
721965084
472196508
847219650
BREAK
084726195
508472619
950847261
195084726
619508472
261950847
726195084
472619508
847261950
BREAK
084726915
508472691
150847269
915084726
691508472
269150847
726915084
472691508
847269150
BREAK
084729165
508472916
650847291
165084729
916508472
291650847
729165084
472916508
847291650
BREAK
084729615
508472961
150847296
615084729
961508472
296150847
729615084
472961508
847296150
BREAK
084921675
508492167
750849216
675084921
167508492
216750849
921675084
492167508
849216750
BREAK
084921765
508492176
650849217
765084921
176508492
217650849
921765084
492176508
849217650
BREAK
084926175
508492617
750849261
175084926
617508492
261750849
926175084
492617508
849261750
BREAK
084926715
508492671
150849267
715084926
671508492
267150849
926715084
492671508
849267150
BREAK
084927165
508492716
650849271
165084927
716508492
271650849
927165084
492716508
849271650
BREAK
084927615
508492761
150849276
615084927
761508492
276150849
927615084
492761508
849276150
BREAK
086124795
508612479
950861247
795086124
479508612
247950861
124795086
612479508
861247950
BREAK
086124975
508612497
750861249
975086124
497508612
249750861
124975086
612497508
861249750
BREAK
086127495
508612749
950861274
495086127
749508612
274950861
127495086
612749508
861274950
BREAK
086127945
508612794
450861279
945086127
794508612
279450861
127945086
612794508
861279450
BREAK
086129475
508612947
750861294
475086129
947508612
294750861
129475086
612947508
861294750
BREAK
086129745
508612974
450861297
745086129
974508612
297450861
129745086
612974508
861297450
BREAK
086421795
508642179
950864217
795086421
179508642
217950864
421795086
642179508
864217950
BREAK
086421975
508642197
750864219
975086421
197508642
219750864
421975086
642197508
864219750
BREAK
086427195
508642719
950864271
195086427
719508642
271950864
427195086
642719508
864271950
BREAK
086427915
508642791
150864279
915086427
791508642
279150864
427915086
642791508
864279150
BREAK
086429175
508642917
750864291
175086429
917508642
291750864
429175086
642917508
864291750
BREAK
086429715
508642971
150864297
715086429
971508642
297150864
429715086
642971508
864297150
BREAK
086721495
508672149
950867214
495086721
149508672
214950867
721495086
672149508
867214950
BREAK
086721945
508672194
450867219
945086721
194508672
219450867
721945086
672194508
867219450
BREAK
086724195
508672419
950867241
195086724
419508672
241950867
724195086
672419508
867241950
BREAK
086724915
508672491
150867249
915086724
491508672
249150867
724915086
672491508
867249150
BREAK
086729145
508672914
450867291
145086729
914508672
291450867
729145086
672914508
867291450
BREAK
086729415
508672941
150867294
415086729
941508672
294150867
729415086
672941508
867294150
BREAK
086921475
508692147
750869214
475086921
147508692
214750869
921475086
692147508
869214750
BREAK
086921745
508692174
450869217
745086921
174508692
217450869
921745086
692174508
869217450
BREAK
086924175
508692417
750869241
175086924
417508692
241750869
924175086
692417508
869241750
BREAK
086924715
508692471
150869247
715086924
471508692
247150869
924715086
692471508
869247150
BREAK
086927145
508692714
450869271
145086927
714508692
271450869
927145086
692714508
869271450
BREAK
086927415
508692741
150869274
415086927
741508692
274150869
927415086
692741508
869274150
BREAK
087124695
508712469
950871246
695087124
469508712
246950871
124695087
712469508
871246950
BREAK
087124965
508712496
650871249
965087124
496508712
249650871
124965087
712496508
871249650
BREAK
087126495
508712649
950871264
495087126
649508712
264950871
126495087
712649508
871264950
BREAK
087126945
508712694
450871269
945087126
694508712
269450871
126945087
712694508
871269450
BREAK
087129465
508712946
650871294
465087129
946508712
294650871
129465087
712946508
871294650
BREAK
087129645
508712964
450871296
645087129
964508712
296450871
129645087
712964508
871296450
BREAK
087421695
508742169
950874216
695087421
169508742
216950874
421695087
742169508
874216950
BREAK
087421965
508742196
650874219
965087421
196508742
219650874
421965087
742196508
874219650
BREAK
087426195
508742619
950874261
195087426
619508742
261950874
426195087
742619508
874261950
BREAK
087426915
508742691
150874269
915087426
691508742
269150874
426915087
742691508
874269150
BREAK
087429165
508742916
650874291
165087429
916508742
291650874
429165087
742916508
874291650
BREAK
087429615
508742961
150874296
615087429
961508742
296150874
429615087
742961508
874296150
BREAK
087621495
508762149
950876214
495087621
149508762
214950876
621495087
762149508
876214950
BREAK
087621945
508762194
450876219
945087621
194508762
219450876
621945087
762194508
876219450
BREAK
087624195
508762419
950876241
195087624
419508762
241950876
624195087
762419508
876241950
BREAK
087624915
508762491
150876249
915087624
491508762
249150876
624915087
762491508
876249150
BREAK
087629145
508762914
450876291
145087629
914508762
291450876
629145087
762914508
876291450
BREAK
087629415
508762941
150876294
415087629
941508762
294150876
629415087
762941508
876294150
BREAK
087921465
508792146
650879214
465087921
146508792
214650879
921465087
792146508
879214650
BREAK
087921645
508792164
450879216
645087921
164508792
216450879
921645087
792164508
879216450
BREAK
087924165
508792416
650879241
165087924
416508792
241650879
924165087
792416508
879241650
BREAK
087924615
508792461
150879246
615087924
461508792
246150879
924615087
792461508
879246150
BREAK
087926145
508792614
450879261
145087926
614508792
261450879
926145087
792614508
879261450
BREAK
087926415
508792641
150879264
415087926
641508792
264150879
926415087
792641508
879264150
BREAK
089124675
508912467
750891246
675089124
467508912
246750891
124675089
912467508
891246750
BREAK
089124765
508912476
650891247
765089124
476508912
247650891
124765089
912476508
891247650
BREAK
089126475
508912647
750891264
475089126
647508912
264750891
126475089
912647508
891264750
BREAK
089126745
508912674
450891267
745089126
674508912
267450891
126745089
912674508
891267450
BREAK
089127465
508912746
650891274
465089127
746508912
274650891
127465089
912746508
891274650
BREAK
089127645
508912764
450891276
645089127
764508912
276450891
127645089
912764508
891276450
BREAK
089421675
508942167
750894216
675089421
167508942
216750894
421675089
942167508
894216750
BREAK
089421765
508942176
650894217
765089421
176508942
217650894
421765089
942176508
894217650
BREAK
089426175
508942617
750894261
175089426
617508942
261750894
426175089
942617508
894261750
BREAK
089426715
508942671
150894267
715089426
671508942
267150894
426715089
942671508
894267150
BREAK
089427165
508942716
650894271
165089427
716508942
271650894
427165089
942716508
894271650
BREAK
089427615
508942761
150894276
615089427
761508942
276150894
427615089
942761508
894276150
BREAK
089621475
508962147
750896214
475089621
147508962
214750896
621475089
962147508
896214750
BREAK
089621745
508962174
450896217
745089621
174508962
217450896
621745089
962174508
896217450
BREAK
089624175
508962417
750896241
175089624
417508962
241750896
624175089
962417508
896241750
BREAK
089624715
508962471
150896247
715089624
471508962
247150896
624715089
962471508
896247150
BREAK
089627145
508962714
450896271
145089627
714508962
271450896
627145089
962714508
896271450
BREAK
089627415
508962741
150896274
415089627
741508962
274150896
627415089
962741508
896274150
BREAK
089721465
508972146
650897214
465089721
146508972
214650897
721465089
972146508
897214650
BREAK
089721645
508972164
450897216
645089721
164508972
216450897
721645089
972164508
897216450
BREAK
089724165
508972416
650897241
165089724
416508972
241650897
724165089
972416508
897241650
BREAK
089724615
508972461
150897246
615089724
461508972
246150897
724615089
972461508
897246150
BREAK
089726145
508972614
450897261
145089726
614508972
261450897
726145089
972614508
897261450
BREAK
089726415
508972641
150897264
415089726
641508972
264150897
726415089
972641508
897264150
BREAK
091426785
509142678
850914267
785091426
678509142
267850914
426785091
142678509
914267850
BREAK
091426875
509142687
750914268
875091426
687509142
268750914
426875091
142687509
914268750
BREAK
091427685
509142768
850914276
685091427
768509142
276850914
427685091
142768509
914276850
BREAK
091427865
509142786
650914278
865091427
786509142
278650914
427865091
142786509
914278650
BREAK
091428675
509142867
750914286
675091428
867509142
286750914
428675091
142867509
914286750
BREAK
091428765
509142876
650914287
765091428
876509142
287650914
428765091
142876509
914287650
BREAK
091624785
509162478
850916247
785091624
478509162
247850916
624785091
162478509
916247850
BREAK
091624875
509162487
750916248
875091624
487509162
248750916
624875091
162487509
916248750
BREAK
091627485
509162748
850916274
485091627
748509162
274850916
627485091
162748509
916274850
BREAK
091627845
509162784
450916278
845091627
784509162
278450916
627845091
162784509
916278450
BREAK
091628475
509162847
750916284
475091628
847509162
284750916
628475091
162847509
916284750
BREAK
091628745
509162874
450916287
745091628
874509162
287450916
628745091
162874509
916287450
BREAK
091724685
509172468
850917246
685091724
468509172
246850917
724685091
172468509
917246850
BREAK
091724865
509172486
650917248
865091724
486509172
248650917
724865091
172486509
917248650
BREAK
091726485
509172648
850917264
485091726
648509172
264850917
726485091
172648509
917264850
BREAK
091726845
509172684
450917268
845091726
684509172
268450917
726845091
172684509
917268450
BREAK
091728465
509172846
650917284
465091728
846509172
284650917
728465091
172846509
917284650
BREAK
091728645
509172864
450917286
645091728
864509172
286450917
728645091
172864509
917286450
BREAK
091824675
509182467
750918246
675091824
467509182
246750918
824675091
182467509
918246750
BREAK
091824765
509182476
650918247
765091824
476509182
247650918
824765091
182476509
918247650
BREAK
091826475
509182647
750918264
475091826
647509182
264750918
826475091
182647509
918264750
BREAK
091826745
509182674
450918267
745091826
674509182
267450918
826745091
182674509
918267450
BREAK
091827465
509182746
650918274
465091827
746509182
274650918
827465091
182746509
918274650
BREAK
091827645
509182764
450918276
645091827
764509182
276450918
827645091
182764509
918276450
BREAK
094126785
509412678
850941267
785094126
678509412
267850941
126785094
412678509
941267850
BREAK
094126875
509412687
750941268
875094126
687509412
268750941
126875094
412687509
941268750
BREAK
094127685
509412768
850941276
685094127
768509412
276850941
127685094
412768509
941276850
BREAK
094127865
509412786
650941278
865094127
786509412
278650941
127865094
412786509
941278650
BREAK
094128675
509412867
750941286
675094128
867509412
286750941
128675094
412867509
941286750
BREAK
094128765
509412876
650941287
765094128
876509412
287650941
128765094
412876509
941287650
BREAK
094621785
509462178
850946217
785094621
178509462
217850946
621785094
462178509
946217850
BREAK
094621875
509462187
750946218
875094621
187509462
218750946
621875094
462187509
946218750
BREAK
094627185
509462718
850946271
185094627
718509462
271850946
627185094
462718509
946271850
BREAK
094627815
509462781
150946278
815094627
781509462
278150946
627815094
462781509
946278150
BREAK
094628175
509462817
750946281
175094628
817509462
281750946
628175094
462817509
946281750
BREAK
094628715
509462871
150946287
715094628
871509462
287150946
628715094
462871509
946287150
BREAK
094721685
509472168
850947216
685094721
168509472
216850947
721685094
472168509
947216850
BREAK
094721865
509472186
650947218
865094721
186509472
218650947
721865094
472186509
947218650
BREAK
094726185
509472618
850947261
185094726
618509472
261850947
726185094
472618509
947261850
BREAK
094726815
509472681
150947268
815094726
681509472
268150947
726815094
472681509
947268150
BREAK
094728165
509472816
650947281
165094728
816509472
281650947
728165094
472816509
947281650
BREAK
094728615
509472861
150947286
615094728
861509472
286150947
728615094
472861509
947286150
BREAK
094821675
509482167
750948216
675094821
167509482
216750948
821675094
482167509
948216750
BREAK
094821765
509482176
650948217
765094821
176509482
217650948
821765094
482176509
948217650
BREAK
094826175
509482617
750948261
175094826
617509482
261750948
826175094
482617509
948261750
BREAK
094826715
509482671
150948267
715094826
671509482
267150948
826715094
482671509
948267150
BREAK
094827165
509482716
650948271
165094827
716509482
271650948
827165094
482716509
948271650
BREAK
094827615
509482761
150948276
615094827
761509482
276150948
827615094
482761509
948276150
BREAK
096124785
509612478
850961247
785096124
478509612
247850961
124785096
612478509
961247850
BREAK
096124875
509612487
750961248
875096124
487509612
248750961
124875096
612487509
961248750
BREAK
096127485
509612748
850961274
485096127
748509612
274850961
127485096
612748509
961274850
BREAK
096127845
509612784
450961278
845096127
784509612
278450961
127845096
612784509
961278450
BREAK
096128475
509612847
750961284
475096128
847509612
284750961
128475096
612847509
961284750
BREAK
096128745
509612874
450961287
745096128
874509612
287450961
128745096
612874509
961287450
BREAK
096421785
509642178
850964217
785096421
178509642
217850964
421785096
642178509
964217850
BREAK
096421875
509642187
750964218
875096421
187509642
218750964
421875096
642187509
964218750
BREAK
096427185
509642718
850964271
185096427
718509642
271850964
427185096
642718509
964271850
BREAK
096427815
509642781
150964278
815096427
781509642
278150964
427815096
642781509
964278150
BREAK
096428175
509642817
750964281
175096428
817509642
281750964
428175096
642817509
964281750
BREAK
096428715
509642871
150964287
715096428
871509642
287150964
428715096
642871509
964287150
BREAK
096721485
509672148
850967214
485096721
148509672
214850967
721485096
672148509
967214850
BREAK
096721845
509672184
450967218
845096721
184509672
218450967
721845096
672184509
967218450
BREAK
096724185
509672418
850967241
185096724
418509672
241850967
724185096
672418509
967241850
BREAK
096724815
509672481
150967248
815096724
481509672
248150967
724815096
672481509
967248150
BREAK
096728145
509672814
450967281
145096728
814509672
281450967
728145096
672814509
967281450
BREAK
096728415
509672841
150967284
415096728
841509672
284150967
728415096
672841509
967284150
BREAK
096821475
509682147
750968214
475096821
147509682
214750968
821475096
682147509
968214750
BREAK
096821745
509682174
450968217
745096821
174509682
217450968
821745096
682174509
968217450
BREAK
096824175
509682417
750968241
175096824
417509682
241750968
824175096
682417509
968241750
BREAK
096824715
509682471
150968247
715096824
471509682
247150968
824715096
682471509
968247150
BREAK
096827145
509682714
450968271
145096827
714509682
271450968
827145096
682714509
968271450
BREAK
096827415
509682741
150968274
415096827
741509682
274150968
827415096
682741509
968274150
BREAK
097124685
509712468
850971246
685097124
468509712
246850971
124685097
712468509
971246850
BREAK
097124865
509712486
650971248
865097124
486509712
248650971
124865097
712486509
971248650
BREAK
097126485
509712648
850971264
485097126
648509712
264850971
126485097
712648509
971264850
BREAK
097126845
509712684
450971268
845097126
684509712
268450971
126845097
712684509
971268450
BREAK
097128465
509712846
650971284
465097128
846509712
284650971
128465097
712846509
971284650
BREAK
097128645
509712864
450971286
645097128
864509712
286450971
128645097
712864509
971286450
BREAK
097421685
509742168
850974216
685097421
168509742
216850974
421685097
742168509
974216850
BREAK
097421865
509742186
650974218
865097421
186509742
218650974
421865097
742186509
974218650
BREAK
097426185
509742618
850974261
185097426
618509742
261850974
426185097
742618509
974261850
BREAK
097426815
509742681
150974268
815097426
681509742
268150974
426815097
742681509
974268150
BREAK
097428165
509742816
650974281
165097428
816509742
281650974
428165097
742816509
974281650
BREAK
097428615
509742861
150974286
615097428
861509742
286150974
428615097
742861509
974286150
BREAK
097621485
509762148
850976214
485097621
148509762
214850976
621485097
762148509
976214850
BREAK
097621845
509762184
450976218
845097621
184509762
218450976
621845097
762184509
976218450
BREAK
097624185
509762418
850976241
185097624
418509762
241850976
624185097
762418509
976241850
BREAK
097624815
509762481
150976248
815097624
481509762
248150976
624815097
762481509
976248150
BREAK
097628145
509762814
450976281
145097628
814509762
281450976
628145097
762814509
976281450
BREAK
097628415
509762841
150976284
415097628
841509762
284150976
628415097
762841509
976284150
BREAK
097821465
509782146
650978214
465097821
146509782
214650978
821465097
782146509
978214650
BREAK
097821645
509782164
450978216
645097821
164509782
216450978
821645097
782164509
978216450
BREAK
097824165
509782416
650978241
165097824
416509782
241650978
824165097
782416509
978241650
BREAK
097824615
509782461
150978246
615097824
461509782
246150978
824615097
782461509
978246150
BREAK
097826145
509782614
450978261
145097826
614509782
261450978
826145097
782614509
978261450
BREAK
097826415
509782641
150978264
415097826
641509782
264150978
826415097
782641509
978264150
BREAK
098124675
509812467
750981246
675098124
467509812
246750981
124675098
812467509
981246750
BREAK
098124765
509812476
650981247
765098124
476509812
247650981
124765098
812476509
981247650
BREAK
098126475
509812647
750981264
475098126
647509812
264750981
126475098
812647509
981264750
BREAK
098126745
509812674
450981267
745098126
674509812
267450981
126745098
812674509
981267450
BREAK
098127465
509812746
650981274
465098127
746509812
274650981
127465098
812746509
981274650
BREAK
098127645
509812764
450981276
645098127
764509812
276450981
127645098
812764509
981276450
BREAK
098421675
509842167
750984216
675098421
167509842
216750984
421675098
842167509
984216750
BREAK
098421765
509842176
650984217
765098421
176509842
217650984
421765098
842176509
984217650
BREAK
098426175
509842617
750984261
175098426
617509842
261750984
426175098
842617509
984261750
BREAK
098426715
509842671
150984267
715098426
671509842
267150984
426715098
842671509
984267150
BREAK
098427165
509842716
650984271
165098427
716509842
271650984
427165098
842716509
984271650
BREAK
098427615
509842761
150984276
615098427
761509842
276150984
427615098
842761509
984276150
BREAK
098621475
509862147
750986214
475098621
147509862
214750986
621475098
862147509
986214750
BREAK
098621745
509862174
450986217
745098621
174509862
217450986
621745098
862174509
986217450
BREAK
098624175
509862417
750986241
175098624
417509862
241750986
624175098
862417509
986241750
BREAK
098624715
509862471
150986247
715098624
471509862
247150986
624715098
862471509
986247150
BREAK
098627145
509862714
450986271
145098627
714509862
271450986
627145098
862714509
986271450
BREAK
098627415
509862741
150986274
415098627
741509862
274150986
627415098
862741509
986274150
BREAK
098721465
509872146
650987214
465098721
146509872
214650987
721465098
872146509
987214650
BREAK
098721645
509872164
450987216
645098721
164509872
216450987
721645098
872164509
987216450
BREAK
098724165
509872416
650987241
165098724
416509872
241650987
724165098
872416509
987241650
BREAK
098724615
509872461
150987246
615098724
461509872
246150987
724615098
872461509
987246150
BREAK
098726145
509872614
450987261
145098726
614509872
261450987
726145098
872614509
987261450
BREAK
098726415
509872641
150987264
415098726
641509872
264150987
726415098
872641509
987264150
