BREAK
013627895
501362789
950136278
895013627
789501362
278950136
627895013
362789501
136278950
BREAK
013627985
501362798
850136279
985013627
798501362
279850136
627985013
362798501
136279850
BREAK
013628795
501362879
950136287
795013628
879501362
287950136
628795013
362879501
136287950
BREAK
013628975
501362897
750136289
975013628
897501362
289750136
628975013
362897501
136289750
BREAK
013629785
501362978
850136297
785013629
978501362
297850136
629785013
362978501
136297850
BREAK
013629875
501362987
750136298
875013629
987501362
298750136
629875013
362987501
136298750
BREAK
013726895
501372689
950137268
895013726
689501372
268950137
726895013
372689501
137268950
BREAK
013726985
501372698
850137269
985013726
698501372
269850137
726985013
372698501
137269850
BREAK
013728695
501372869
950137286
695013728
869501372
286950137
728695013
372869501
137286950
BREAK
013728965
501372896
650137289
965013728
896501372
289650137
728965013
372896501
137289650
BREAK
013729685
501372968
850137296
685013729
968501372
296850137
729685013
372968501
137296850
BREAK
013729865
501372986
650137298
865013729
986501372
298650137
729865013
372986501
137298650
BREAK
013826795
501382679
950138267
795013826
679501382
267950138
826795013
382679501
138267950
BREAK
013826975
501382697
750138269
975013826
697501382
269750138
826975013
382697501
138269750
BREAK
013827695
501382769
950138276
695013827
769501382
276950138
827695013
382769501
138276950
BREAK
013827965
501382796
650138279
965013827
796501382
279650138
827965013
382796501
138279650
BREAK
013829675
501382967
750138296
675013829
967501382
296750138
829675013
382967501
138296750
BREAK
013829765
501382976
650138297
765013829
976501382
297650138
829765013
382976501
138297650
BREAK
013926785
501392678
850139267
785013926
678501392
267850139
926785013
392678501
139267850
BREAK
013926875
501392687
750139268
875013926
687501392
268750139
926875013
392687501
139268750
BREAK
013927685
501392768
850139276
685013927
768501392
276850139
927685013
392768501
139276850
BREAK
013927865
501392786
650139278
865013927
786501392
278650139
927865013
392786501
139278650
BREAK
013928675
501392867
750139286
675013928
867501392
286750139
928675013
392867501
139286750
BREAK
013928765
501392876
650139287
765013928
876501392
287650139
928765013
392876501
139287650
BREAK
016327895
501632789
950163278
895016327
789501632
278950163
327895016
632789501
163278950
BREAK
016327985
501632798
850163279
985016327
798501632
279850163
327985016
632798501
163279850
BREAK
016328795
501632879
950163287
795016328
879501632
287950163
328795016
632879501
163287950
BREAK
016328975
501632897
750163289
975016328
897501632
289750163
328975016
632897501
163289750
BREAK
016329785
501632978
850163297
785016329
978501632
297850163
329785016
632978501
163297850
BREAK
016329875
501632987
750163298
875016329
987501632
298750163
329875016
632987501
163298750
BREAK
016723895
501672389
950167238
895016723
389501672
238950167
723895016
672389501
167238950
BREAK
016723985
501672398
850167239
985016723
398501672
239850167
723985016
672398501
167239850
BREAK
016728395
501672839
950167283
395016728
839501672
283950167
728395016
672839501
167283950
BREAK
016728935
501672893
350167289
935016728
893501672
289350167
728935016
672893501
167289350
BREAK
016729385
501672938
850167293
385016729
938501672
293850167
729385016
672938501
167293850
BREAK
016729835
501672983
350167298
835016729
983501672
298350167
729835016
672983501
167298350
BREAK
016823795
501682379
950168237
795016823
379501682
237950168
823795016
682379501
168237950
BREAK
016823975
501682397
750168239
975016823
397501682
239750168
823975016
682397501
168239750
BREAK
016827395
501682739
950168273
395016827
739501682
273950168
827395016
682739501
168273950
BREAK
016827935
501682793
350168279
935016827
793501682
279350168
827935016
682793501
168279350
BREAK
016829375
501682937
750168293
375016829
937501682
293750168
829375016
682937501
168293750
BREAK
016829735
501682973
350168297
735016829
973501682
297350168
829735016
682973501
168297350
BREAK
016923785
501692378
850169237
785016923
378501692
237850169
923785016
692378501
169237850
BREAK
016923875
501692387
750169238
875016923
387501692
238750169
923875016
692387501
169238750
BREAK
016927385
501692738
850169273
385016927
738501692
273850169
927385016
692738501
169273850
BREAK
016927835
501692783
350169278
835016927
783501692
278350169
927835016
692783501
169278350
BREAK
016928375
501692837
750169283
375016928
837501692
283750169
928375016
692837501
169283750
BREAK
016928735
501692873
350169287
735016928
873501692
287350169
928735016
692873501
169287350
BREAK
017326895
501732689
950173268
895017326
689501732
268950173
326895017
732689501
173268950
BREAK
017326985
501732698
850173269
985017326
698501732
269850173
326985017
732698501
173269850
BREAK
017328695
501732869
950173286
695017328
869501732
286950173
328695017
732869501
173286950
BREAK
017328965
501732896
650173289
965017328
896501732
289650173
328965017
732896501
173289650
BREAK
017329685
501732968
850173296
685017329
968501732
296850173
329685017
732968501
173296850
BREAK
017329865
501732986
650173298
865017329
986501732
298650173
329865017
732986501
173298650
BREAK
017623895
501762389
950176238
895017623
389501762
238950176
623895017
762389501
176238950
BREAK
017623985
501762398
850176239
985017623
398501762
239850176
623985017
762398501
176239850
BREAK
017628395
501762839
950176283
395017628
839501762
283950176
628395017
762839501
176283950
BREAK
017628935
501762893
350176289
935017628
893501762
289350176
628935017
762893501
176289350
BREAK
017629385
501762938
850176293
385017629
938501762
293850176
629385017
762938501
176293850
BREAK
017629835
501762983
350176298
835017629
983501762
298350176
629835017
762983501
176298350
BREAK
017823695
501782369
950178236
695017823
369501782
236950178
823695017
782369501
178236950
BREAK
017823965
501782396
650178239
965017823
396501782
239650178
823965017
782396501
178239650
BREAK
017826395
501782639
950178263
395017826
639501782
263950178
826395017
782639501
178263950
BREAK
017826935
501782693
350178269
935017826
693501782
269350178
826935017
782693501
178269350
BREAK
017829365
501782936
650178293
365017829
936501782
293650178
829365017
782936501
178293650
BREAK
017829635
501782963
350178296
635017829
963501782
296350178
829635017
782963501
178296350
BREAK
017923685
501792368
850179236
685017923
368501792
236850179
923685017
792368501
179236850
BREAK
017923865
501792386
650179238
865017923
386501792
238650179
923865017
792386501
179238650
BREAK
017926385
501792638
850179263
385017926
638501792
263850179
926385017
792638501
179263850
BREAK
017926835
501792683
350179268
835017926
683501792
268350179
926835017
792683501
179268350
BREAK
017928365
501792836
650179283
365017928
836501792
283650179
928365017
792836501
179283650
BREAK
017928635
501792863
350179286
635017928
863501792
286350179
928635017
792863501
179286350
BREAK
018326795
501832679
950183267
795018326
679501832
267950183
326795018
832679501
183267950
BREAK
018326975
501832697
750183269
975018326
697501832
269750183
326975018
832697501
183269750
BREAK
018327695
501832769
950183276
695018327
769501832
276950183
327695018
832769501
183276950
BREAK
018327965
501832796
650183279
965018327
796501832
279650183
327965018
832796501
183279650
BREAK
018329675
501832967
750183296
675018329
967501832
296750183
329675018
832967501
183296750
BREAK
018329765
501832976
650183297
765018329
976501832
297650183
329765018
832976501
183297650
BREAK
018623795
501862379
950186237
795018623
379501862
237950186
623795018
862379501
186237950
BREAK
018623975
501862397
750186239
975018623
397501862
239750186
623975018
862397501
186239750
BREAK
018627395
501862739
950186273
395018627
739501862
273950186
627395018
862739501
186273950
BREAK
018627935
501862793
350186279
935018627
793501862
279350186
627935018
862793501
186279350
BREAK
018629375
501862937
750186293
375018629
937501862
293750186
629375018
862937501
186293750
BREAK
018629735
501862973
350186297
735018629
973501862
297350186
629735018
862973501
186297350
BREAK
018723695
501872369
950187236
695018723
369501872
236950187
723695018
872369501
187236950
BREAK
018723965
501872396
650187239
965018723
396501872
239650187
723965018
872396501
187239650
BREAK
018726395
501872639
950187263
395018726
639501872
263950187
726395018
872639501
187263950
BREAK
018726935
501872693
350187269
935018726
693501872
269350187
726935018
872693501
187269350
BREAK
018729365
501872936
650187293
365018729
936501872
293650187
729365018
872936501
187293650
BREAK
018729635
501872963
350187296
635018729
963501872
296350187
729635018
872963501
187296350
BREAK
018923675
501892367
750189236
675018923
367501892
236750189
923675018
892367501
189236750
BREAK
018923765
501892376
650189237
765018923
376501892
237650189
923765018
892376501
189237650
BREAK
018926375
501892637
750189263
375018926
637501892
263750189
926375018
892637501
189263750
BREAK
018926735
501892673
350189267
735018926
673501892
267350189
926735018
892673501
189267350
BREAK
018927365
501892736
650189273
365018927
736501892
273650189
927365018
892736501
189273650
BREAK
018927635
501892763
350189276
635018927
763501892
276350189
927635018
892763501
189276350
BREAK
019326785
501932678
850193267
785019326
678501932
267850193
326785019
932678501
193267850
BREAK
019326875
501932687
750193268
875019326
687501932
268750193
326875019
932687501
193268750
BREAK
019327685
501932768
850193276
685019327
768501932
276850193
327685019
932768501
193276850
BREAK
019327865
501932786
650193278
865019327
786501932
278650193
327865019
932786501
193278650
BREAK
019328675
501932867
750193286
675019328
867501932
286750193
328675019
932867501
193286750
BREAK
019328765
501932876
650193287
765019328
876501932
287650193
328765019
932876501
193287650
BREAK
019623785
501962378
850196237
785019623
378501962
237850196
623785019
962378501
196237850
BREAK
019623875
501962387
750196238
875019623
387501962
238750196
623875019
962387501
196238750
BREAK
019627385
501962738
850196273
385019627
738501962
273850196
627385019
962738501
196273850
BREAK
019627835
501962783
350196278
835019627
783501962
278350196
627835019
962783501
196278350
BREAK
019628375
501962837
750196283
375019628
837501962
283750196
628375019
962837501
196283750
BREAK
019628735
501962873
350196287
735019628
873501962
287350196
628735019
962873501
196287350
BREAK
019723685
501972368
850197236
685019723
368501972
236850197
723685019
972368501
197236850
BREAK
019723865
501972386
650197238
865019723
386501972
238650197
723865019
972386501
197238650
BREAK
019726385
501972638
850197263
385019726
638501972
263850197
726385019
972638501
197263850
BREAK
019726835
501972683
350197268
835019726
683501972
268350197
726835019
972683501
197268350
BREAK
019728365
501972836
650197283
365019728
836501972
283650197
728365019
972836501
197283650
BREAK
019728635
501972863
350197286
635019728
863501972
286350197
728635019
972863501
197286350
BREAK
019823675
501982367
750198236
675019823
367501982
236750198
823675019
982367501
198236750
BREAK
019823765
501982376
650198237
765019823
376501982
237650198
823765019
982376501
198237650
BREAK
019826375
501982637
750198263
375019826
637501982
263750198
826375019
982637501
198263750
BREAK
019826735
501982673
350198267
735019826
673501982
267350198
826735019
982673501
198267350
BREAK
019827365
501982736
650198273
365019827
736501982
273650198
827365019
982736501
198273650
BREAK
019827635
501982763
350198276
635019827
763501982
276350198
827635019
982763501
198276350
BREAK
031627895
503162789
950316278
895031627
789503162
278950316
627895031
162789503
316278950
BREAK
031627985
503162798
850316279
985031627
798503162
279850316
627985031
162798503
316279850
BREAK
031628795
503162879
950316287
795031628
879503162
287950316
628795031
162879503
316287950
BREAK
031628975
503162897
750316289
975031628
897503162
289750316
628975031
162897503
316289750
BREAK
031629785
503162978
850316297
785031629
978503162
297850316
629785031
162978503
316297850
BREAK
031629875
503162987
750316298
875031629
987503162
298750316
629875031
162987503
316298750
BREAK
031726895
503172689
950317268
895031726
689503172
268950317
726895031
172689503
317268950
BREAK
031726985
503172698
850317269
985031726
698503172
269850317
726985031
172698503
317269850
BREAK
031728695
503172869
950317286
695031728
869503172
286950317
728695031
172869503
317286950
BREAK
031728965
503172896
650317289
965031728
896503172
289650317
728965031
172896503
317289650
BREAK
031729685
503172968
850317296
685031729
968503172
296850317
729685031
172968503
317296850
BREAK
031729865
503172986
650317298
865031729
986503172
298650317
729865031
172986503
317298650
BREAK
031826795
503182679
950318267
795031826
679503182
267950318
826795031
182679503
318267950
BREAK
031826975
503182697
750318269
975031826
697503182
269750318
826975031
182697503
318269750
BREAK
031827695
503182769
950318276
695031827
769503182
276950318
827695031
182769503
318276950
BREAK
031827965
503182796
650318279
965031827
796503182
279650318
827965031
182796503
318279650
BREAK
031829675
503182967
750318296
675031829
967503182
296750318
829675031
182967503
318296750
BREAK
031829765
503182976
650318297
765031829
976503182
297650318
829765031
182976503
318297650
BREAK
031926785
503192678
850319267
785031926
678503192
267850319
926785031
192678503
319267850
BREAK
031926875
503192687
750319268
875031926
687503192
268750319
926875031
192687503
319268750
BREAK
031927685
503192768
850319276
685031927
768503192
276850319
927685031
192768503
319276850
BREAK
031927865
503192786
650319278
865031927
786503192
278650319
927865031
192786503
319278650
BREAK
031928675
503192867
750319286
675031928
867503192
286750319
928675031
192867503
319286750
BREAK
031928765
503192876
650319287
765031928
876503192
287650319
928765031
192876503
319287650
BREAK
036127895
503612789
950361278
895036127
789503612
278950361
127895036
612789503
361278950
BREAK
036127985
503612798
850361279
985036127
798503612
279850361
127985036
612798503
361279850
BREAK
036128795
503612879
950361287
795036128
879503612
287950361
128795036
612879503
361287950
BREAK
036128975
503612897
750361289
975036128
897503612
289750361
128975036
612897503
361289750
BREAK
036129785
503612978
850361297
785036129
978503612
297850361
129785036
612978503
361297850
BREAK
036129875
503612987
750361298
875036129
987503612
298750361
129875036
612987503
361298750
BREAK
036721895
503672189
950367218
895036721
189503672
218950367
721895036
672189503
367218950
BREAK
036721985
503672198
850367219
985036721
198503672
219850367
721985036
672198503
367219850
BREAK
036728195
503672819
950367281
195036728
819503672
281950367
728195036
672819503
367281950
BREAK
036728915
503672891
150367289
915036728
891503672
289150367
728915036
672891503
367289150
BREAK
036729185
503672918
850367291
185036729
918503672
291850367
729185036
672918503
367291850
BREAK
036729815
503672981
150367298
815036729
981503672
298150367
729815036
672981503
367298150
BREAK
036821795
503682179
950368217
795036821
179503682
217950368
821795036
682179503
368217950
BREAK
036821975
503682197
750368219
975036821
197503682
219750368
821975036
682197503
368219750
BREAK
036827195
503682719
950368271
195036827
719503682
271950368
827195036
682719503
368271950
BREAK
036827915
503682791
150368279
915036827
791503682
279150368
827915036
682791503
368279150
BREAK
036829175
503682917
750368291
175036829
917503682
291750368
829175036
682917503
368291750
BREAK
036829715
503682971
150368297
715036829
971503682
297150368
829715036
682971503
368297150
BREAK
036921785
503692178
850369217
785036921
178503692
217850369
921785036
692178503
369217850
BREAK
036921875
503692187
750369218
875036921
187503692
218750369
921875036
692187503
369218750
BREAK
036927185
503692718
850369271
185036927
718503692
271850369
927185036
692718503
369271850
BREAK
036927815
503692781
150369278
815036927
781503692
278150369
927815036
692781503
369278150
BREAK
036928175
503692817
750369281
175036928
817503692
281750369
928175036
692817503
369281750
BREAK
036928715
503692871
150369287
715036928
871503692
287150369
928715036
692871503
369287150
BREAK
037126895
503712689
950371268
895037126
689503712
268950371
126895037
712689503
371268950
BREAK
037126985
503712698
850371269
985037126
698503712
269850371
126985037
712698503
371269850
BREAK
037128695
503712869
950371286
695037128
869503712
286950371
128695037
712869503
371286950
BREAK
037128965
503712896
650371289
965037128
896503712
289650371
128965037
712896503
371289650
BREAK
037129685
503712968
850371296
685037129
968503712
296850371
129685037
712968503
371296850
BREAK
037129865
503712986
650371298
865037129
986503712
298650371
129865037
712986503
371298650
BREAK
037621895
503762189
950376218
895037621
189503762
218950376
621895037
762189503
376218950
BREAK
037621985
503762198
850376219
985037621
198503762
219850376
621985037
762198503
376219850
BREAK
037628195
503762819
950376281
195037628
819503762
281950376
628195037
762819503
376281950
BREAK
037628915
503762891
150376289
915037628
891503762
289150376
628915037
762891503
376289150
BREAK
037629185
503762918
850376291
185037629
918503762
291850376
629185037
762918503
376291850
BREAK
037629815
503762981
150376298
815037629
981503762
298150376
629815037
762981503
376298150
BREAK
037821695
503782169
950378216
695037821
169503782
216950378
821695037
782169503
378216950
BREAK
037821965
503782196
650378219
965037821
196503782
219650378
821965037
782196503
378219650
BREAK
037826195
503782619
950378261
195037826
619503782
261950378
826195037
782619503
378261950
BREAK
037826915
503782691
150378269
915037826
691503782
269150378
826915037
782691503
378269150
BREAK
037829165
503782916
650378291
165037829
916503782
291650378
829165037
782916503
378291650
BREAK
037829615
503782961
150378296
615037829
961503782
296150378
829615037
782961503
378296150
BREAK
037921685
503792168
850379216
685037921
168503792
216850379
921685037
792168503
379216850
BREAK
037921865
503792186
650379218
865037921
186503792
218650379
921865037
792186503
379218650
BREAK
037926185
503792618
850379261
185037926
618503792
261850379
926185037
792618503
379261850
BREAK
037926815
503792681
150379268
815037926
681503792
268150379
926815037
792681503
379268150
BREAK
037928165
503792816
650379281
165037928
816503792
281650379
928165037
792816503
379281650
BREAK
037928615
503792861
150379286
615037928
861503792
286150379
928615037
792861503
379286150
BREAK
038126795
503812679
950381267
795038126
679503812
267950381
126795038
812679503
381267950
BREAK
038126975
503812697
750381269
975038126
697503812
269750381
126975038
812697503
381269750
BREAK
038127695
503812769
950381276
695038127
769503812
276950381
127695038
812769503
381276950
BREAK
038127965
503812796
650381279
965038127
796503812
279650381
127965038
812796503
381279650
BREAK
038129675
503812967
750381296
675038129
967503812
296750381
129675038
812967503
381296750
BREAK
038129765
503812976
650381297
765038129
976503812
297650381
129765038
812976503
381297650
BREAK
038621795
503862179
950386217
795038621
179503862
217950386
621795038
862179503
386217950
BREAK
038621975
503862197
750386219
975038621
197503862
219750386
621975038
862197503
386219750
BREAK
038627195
503862719
950386271
195038627
719503862
271950386
627195038
862719503
386271950
BREAK
038627915
503862791
150386279
915038627
791503862
279150386
627915038
862791503
386279150
BREAK
038629175
503862917
750386291
175038629
917503862
291750386
629175038
862917503
386291750
BREAK
038629715
503862971
150386297
715038629
971503862
297150386
629715038
862971503
386297150
BREAK
038721695
503872169
950387216
695038721
169503872
216950387
721695038
872169503
387216950
BREAK
038721965
503872196
650387219
965038721
196503872
219650387
721965038
872196503
387219650
BREAK
038726195
503872619
950387261
195038726
619503872
261950387
726195038
872619503
387261950
BREAK
038726915
503872691
150387269
915038726
691503872
269150387
726915038
872691503
387269150
BREAK
038729165
503872916
650387291
165038729
916503872
291650387
729165038
872916503
387291650
BREAK
038729615
503872961
150387296
615038729
961503872
296150387
729615038
872961503
387296150
BREAK
038921675
503892167
750389216
675038921
167503892
216750389
921675038
892167503
389216750
BREAK
038921765
503892176
650389217
765038921
176503892
217650389
921765038
892176503
389217650
BREAK
038926175
503892617
750389261
175038926
617503892
261750389
926175038
892617503
389261750
BREAK
038926715
503892671
150389267
715038926
671503892
267150389
926715038
892671503
389267150
BREAK
038927165
503892716
650389271
165038927
716503892
271650389
927165038
892716503
389271650
BREAK
038927615
503892761
150389276
615038927
761503892
276150389
927615038
892761503
389276150
BREAK
039126785
503912678
850391267
785039126
678503912
267850391
126785039
912678503
391267850
BREAK
039126875
503912687
750391268
875039126
687503912
268750391
126875039
912687503
391268750
BREAK
039127685
503912768
850391276
685039127
768503912
276850391
127685039
912768503
391276850
BREAK
039127865
503912786
650391278
865039127
786503912
278650391
127865039
912786503
391278650
BREAK
039128675
503912867
750391286
675039128
867503912
286750391
128675039
912867503
391286750
BREAK
039128765
503912876
650391287
765039128
876503912
287650391
128765039
912876503
391287650
BREAK
039621785
503962178
850396217
785039621
178503962
217850396
621785039
962178503
396217850
BREAK
039621875
503962187
750396218
875039621
187503962
218750396
621875039
962187503
396218750
BREAK
039627185
503962718
850396271
185039627
718503962
271850396
627185039
962718503
396271850
BREAK
039627815
503962781
150396278
815039627
781503962
278150396
627815039
962781503
396278150
BREAK
039628175
503962817
750396281
175039628
817503962
281750396
628175039
962817503
396281750
BREAK
039628715
503962871
150396287
715039628
871503962
287150396
628715039
962871503
396287150
BREAK
039721685
503972168
850397216
685039721
168503972
216850397
721685039
972168503
397216850
BREAK
039721865
503972186
650397218
865039721
186503972
218650397
721865039
972186503
397218650
BREAK
039726185
503972618
850397261
185039726
618503972
261850397
726185039
972618503
397261850
BREAK
039726815
503972681
150397268
815039726
681503972
268150397
726815039
972681503
397268150
BREAK
039728165
503972816
650397281
165039728
816503972
281650397
728165039
972816503
397281650
BREAK
039728615
503972861
150397286
615039728
861503972
286150397
728615039
972861503
397286150
BREAK
039821675
503982167
750398216
675039821
167503982
216750398
821675039
982167503
398216750
BREAK
039821765
503982176
650398217
765039821
176503982
217650398
821765039
982176503
398217650
BREAK
039826175
503982617
750398261
175039826
617503982
261750398
826175039
982617503
398261750
BREAK
039826715
503982671
150398267
715039826
671503982
267150398
826715039
982671503
398267150
BREAK
039827165
503982716
650398271
165039827
716503982
271650398
827165039
982716503
398271650
BREAK
039827615
503982761
150398276
615039827
761503982
276150398
827615039
982761503
398276150
BREAK
061327895
506132789
950613278
895061327
789506132
278950613
327895061
132789506
613278950
BREAK
061327985
506132798
850613279
985061327
798506132
279850613
327985061
132798506
613279850
BREAK
061328795
506132879
950613287
795061328
879506132
287950613
328795061
132879506
613287950
BREAK
061328975
506132897
750613289
975061328
897506132
289750613
328975061
132897506
613289750
BREAK
061329785
506132978
850613297
785061329
978506132
297850613
329785061
132978506
613297850
BREAK
061329875
506132987
750613298
875061329
987506132
298750613
329875061
132987506
613298750
BREAK
061723895
506172389
950617238
895061723
389506172
238950617
723895061
172389506
617238950
BREAK
061723985
506172398
850617239
985061723
398506172
239850617
723985061
172398506
617239850
BREAK
061728395
506172839
950617283
395061728
839506172
283950617
728395061
172839506
617283950
BREAK
061728935
506172893
350617289
935061728
893506172
289350617
728935061
172893506
617289350
BREAK
061729385
506172938
850617293
385061729
938506172
293850617
729385061
172938506
617293850
BREAK
061729835
506172983
350617298
835061729
983506172
298350617
729835061
172983506
617298350
BREAK
061823795
506182379
950618237
795061823
379506182
237950618
823795061
182379506
618237950
BREAK
061823975
506182397
750618239
975061823
397506182
239750618
823975061
182397506
618239750
BREAK
061827395
506182739
950618273
395061827
739506182
273950618
827395061
182739506
618273950
BREAK
061827935
506182793
350618279
935061827
793506182
279350618
827935061
182793506
618279350
BREAK
061829375
506182937
750618293
375061829
937506182
293750618
829375061
182937506
618293750
BREAK
061829735
506182973
350618297
735061829
973506182
297350618
829735061
182973506
618297350
BREAK
061923785
506192378
850619237
785061923
378506192
237850619
923785061
192378506
619237850
BREAK
061923875
506192387
750619238
875061923
387506192
238750619
923875061
192387506
619238750
BREAK
061927385
506192738
850619273
385061927
738506192
273850619
927385061
192738506
619273850
BREAK
061927835
506192783
350619278
835061927
783506192
278350619
927835061
192783506
619278350
BREAK
061928375
506192837
750619283
375061928
837506192
283750619
928375061
192837506
619283750
BREAK
061928735
506192873
350619287
735061928
873506192
287350619
928735061
192873506
619287350
BREAK
063127895
506312789
950631278
895063127
789506312
278950631
127895063
312789506
631278950
BREAK
063127985
506312798
850631279
985063127
798506312
279850631
127985063
312798506
631279850
BREAK
063128795
506312879
950631287
795063128
879506312
287950631
128795063
312879506
631287950
BREAK
063128975
506312897
750631289
975063128
897506312
289750631
128975063
312897506
631289750
BREAK
063129785
506312978
850631297
785063129
978506312
297850631
129785063
312978506
631297850
BREAK
063129875
506312987
750631298
875063129
987506312
298750631
129875063
312987506
631298750
BREAK
063721895
506372189
950637218
895063721
189506372
218950637
721895063
372189506
637218950
BREAK
063721985
506372198
850637219
985063721
198506372
219850637
721985063
372198506
637219850
BREAK
063728195
506372819
950637281
195063728
819506372
281950637
728195063
372819506
637281950
BREAK
063728915
506372891
150637289
915063728
891506372
289150637
728915063
372891506
637289150
BREAK
063729185
506372918
850637291
185063729
918506372
291850637
729185063
372918506
637291850
BREAK
063729815
506372981
150637298
815063729
981506372
298150637
729815063
372981506
637298150
BREAK
063821795
506382179
950638217
795063821
179506382
217950638
821795063
382179506
638217950
BREAK
063821975
506382197
750638219
975063821
197506382
219750638
821975063
382197506
638219750
BREAK
063827195
506382719
950638271
195063827
719506382
271950638
827195063
382719506
638271950
BREAK
063827915
506382791
150638279
915063827
791506382
279150638
827915063
382791506
638279150
BREAK
063829175
506382917
750638291
175063829
917506382
291750638
829175063
382917506
638291750
BREAK
063829715
506382971
150638297
715063829
971506382
297150638
829715063
382971506
638297150
BREAK
063921785
506392178
850639217
785063921
178506392
217850639
921785063
392178506
639217850
BREAK
063921875
506392187
750639218
875063921
187506392
218750639
921875063
392187506
639218750
BREAK
063927185
506392718
850639271
185063927
718506392
271850639
927185063
392718506
639271850
BREAK
063927815
506392781
150639278
815063927
781506392
278150639
927815063
392781506
639278150
BREAK
063928175
506392817
750639281
175063928
817506392
281750639
928175063
392817506
639281750
BREAK
063928715
506392871
150639287
715063928
871506392
287150639
928715063
392871506
639287150
BREAK
067123895
506712389
950671238
895067123
389506712
238950671
123895067
712389506
671238950
BREAK
067123985
506712398
850671239
985067123
398506712
239850671
123985067
712398506
671239850
BREAK
067128395
506712839
950671283
395067128
839506712
283950671
128395067
712839506
671283950
BREAK
067128935
506712893
350671289
935067128
893506712
289350671
128935067
712893506
671289350
BREAK
067129385
506712938
850671293
385067129
938506712
293850671
129385067
712938506
671293850
BREAK
067129835
506712983
350671298
835067129
983506712
298350671
129835067
712983506
671298350
BREAK
067321895
506732189
950673218
895067321
189506732
218950673
321895067
732189506
673218950
BREAK
067321985
506732198
850673219
985067321
198506732
219850673
321985067
732198506
673219850
BREAK
067328195
506732819
950673281
195067328
819506732
281950673
328195067
732819506
673281950
BREAK
067328915
506732891
150673289
915067328
891506732
289150673
328915067
732891506
673289150
BREAK
067329185
506732918
850673291
185067329
918506732
291850673
329185067
732918506
673291850
BREAK
067329815
506732981
150673298
815067329
981506732
298150673
329815067
732981506
673298150
BREAK
067821395
506782139
950678213
395067821
139506782
213950678
821395067
782139506
678213950
BREAK
067821935
506782193
350678219
935067821
193506782
219350678
821935067
782193506
678219350
BREAK
067823195
506782319
950678231
195067823
319506782
231950678
823195067
782319506
678231950
BREAK
067823915
506782391
150678239
915067823
391506782
239150678
823915067
782391506
678239150
BREAK
067829135
506782913
350678291
135067829
913506782
291350678
829135067
782913506
678291350
BREAK
067829315
506782931
150678293
315067829
931506782
293150678
829315067
782931506
678293150
BREAK
067921385
506792138
850679213
385067921
138506792
213850679
921385067
792138506
679213850
BREAK
067921835
506792183
350679218
835067921
183506792
218350679
921835067
792183506
679218350
BREAK
067923185
506792318
850679231
185067923
318506792
231850679
923185067
792318506
679231850
BREAK
067923815
506792381
150679238
815067923
381506792
238150679
923815067
792381506
679238150
BREAK
067928135
506792813
350679281
135067928
813506792
281350679
928135067
792813506
679281350
BREAK
067928315
506792831
150679283
315067928
831506792
283150679
928315067
792831506
679283150
BREAK
068123795
506812379
950681237
795068123
379506812
237950681
123795068
812379506
681237950
BREAK
068123975
506812397
750681239
975068123
397506812
239750681
123975068
812397506
681239750
BREAK
068127395
506812739
950681273
395068127
739506812
273950681
127395068
812739506
681273950
BREAK
068127935
506812793
350681279
935068127
793506812
279350681
127935068
812793506
681279350
BREAK
068129375
506812937
750681293
375068129
937506812
293750681
129375068
812937506
681293750
BREAK
068129735
506812973
350681297
735068129
973506812
297350681
129735068
812973506
681297350
BREAK
068321795
506832179
950683217
795068321
179506832
217950683
321795068
832179506
683217950
BREAK
068321975
506832197
750683219
975068321
197506832
219750683
321975068
832197506
683219750
BREAK
068327195
506832719
950683271
195068327
719506832
271950683
327195068
832719506
683271950
BREAK
068327915
506832791
150683279
915068327
791506832
279150683
327915068
832791506
683279150
BREAK
068329175
506832917
750683291
175068329
917506832
291750683
329175068
832917506
683291750
BREAK
068329715
506832971
150683297
715068329
971506832
297150683
329715068
832971506
683297150
BREAK
068721395
506872139
950687213
395068721
139506872
213950687
721395068
872139506
687213950
BREAK
068721935
506872193
350687219
935068721
193506872
219350687
721935068
872193506
687219350
BREAK
068723195
506872319
950687231
195068723
319506872
231950687
723195068
872319506
687231950
BREAK
068723915
506872391
150687239
915068723
391506872
239150687
723915068
872391506
687239150
BREAK
068729135
506872913
350687291
135068729
913506872
291350687
729135068
872913506
687291350
BREAK
068729315
506872931
150687293
315068729
931506872
293150687
729315068
872931506
687293150
BREAK
068921375
506892137
750689213
375068921
137506892
213750689
921375068
892137506
689213750
BREAK
068921735
506892173
350689217
735068921
173506892
217350689
921735068
892173506
689217350
BREAK
068923175
506892317
750689231
175068923
317506892
231750689
923175068
892317506
689231750
BREAK
068923715
506892371
150689237
715068923
371506892
237150689
923715068
892371506
689237150
BREAK
068927135
506892713
350689271
135068927
713506892
271350689
927135068
892713506
689271350
BREAK
068927315
506892731
150689273
315068927
731506892
273150689
927315068
892731506
689273150
BREAK
069123785
506912378
850691237
785069123
378506912
237850691
123785069
912378506
691237850
BREAK
069123875
506912387
750691238
875069123
387506912
238750691
123875069
912387506
691238750
BREAK
069127385
506912738
850691273
385069127
738506912
273850691
127385069
912738506
691273850
BREAK
069127835
506912783
350691278
835069127
783506912
278350691
127835069
912783506
691278350
BREAK
069128375
506912837
750691283
375069128
837506912
283750691
128375069
912837506
691283750
BREAK
069128735
506912873
350691287
735069128
873506912
287350691
128735069
912873506
691287350
BREAK
069321785
506932178
850693217
785069321
178506932
217850693
321785069
932178506
693217850
BREAK
069321875
506932187
750693218
875069321
187506932
218750693
321875069
932187506
693218750
BREAK
069327185
506932718
850693271
185069327
718506932
271850693
327185069
932718506
693271850
BREAK
069327815
506932781
150693278
815069327
781506932
278150693
327815069
932781506
693278150
BREAK
069328175
506932817
750693281
175069328
817506932
281750693
328175069
932817506
693281750
BREAK
069328715
506932871
150693287
715069328
871506932
287150693
328715069
932871506
693287150
BREAK
069721385
506972138
850697213
385069721
138506972
213850697
721385069
972138506
697213850
BREAK
069721835
506972183
350697218
835069721
183506972
218350697
721835069
972183506
697218350
BREAK
069723185
506972318
850697231
185069723
318506972
231850697
723185069
972318506
697231850
BREAK
069723815
506972381
150697238
815069723
381506972
238150697
723815069
972381506
697238150
BREAK
069728135
506972813
350697281
135069728
813506972
281350697
728135069
972813506
697281350
BREAK
069728315
506972831
150697283
315069728
831506972
283150697
728315069
972831506
697283150
BREAK
069821375
506982137
750698213
375069821
137506982
213750698
821375069
982137506
698213750
BREAK
069821735
506982173
350698217
735069821
173506982
217350698
821735069
982173506
698217350
BREAK
069823175
506982317
750698231
175069823
317506982
231750698
823175069
982317506
698231750
BREAK
069823715
506982371
150698237
715069823
371506982
237150698
823715069
982371506
698237150
BREAK
069827135
506982713
350698271
135069827
713506982
271350698
827135069
982713506
698271350
BREAK
069827315
506982731
150698273
315069827
731506982
273150698
827315069
982731506
698273150
BREAK
071326895
507132689
950713268
895071326
689507132
268950713
326895071
132689507
713268950
BREAK
071326985
507132698
850713269
985071326
698507132
269850713
326985071
132698507
713269850
BREAK
071328695
507132869
950713286
695071328
869507132
286950713
328695071
132869507
713286950
BREAK
071328965
507132896
650713289
965071328
896507132
289650713
328965071
132896507
713289650
BREAK
071329685
507132968
850713296
685071329
968507132
296850713
329685071
132968507
713296850
BREAK
071329865
507132986
650713298
865071329
986507132
298650713
329865071
132986507
713298650
BREAK
071623895
507162389
950716238
895071623
389507162
238950716
623895071
162389507
716238950
BREAK
071623985
507162398
850716239
985071623
398507162
239850716
623985071
162398507
716239850
BREAK
071628395
507162839
950716283
395071628
839507162
283950716
628395071
162839507
716283950
BREAK
071628935
507162893
350716289
935071628
893507162
289350716
628935071
162893507
716289350
BREAK
071629385
507162938
850716293
385071629
938507162
293850716
629385071
162938507
716293850
BREAK
071629835
507162983
350716298
835071629
983507162
298350716
629835071
162983507
716298350
BREAK
071823695
507182369
950718236
695071823
369507182
236950718
823695071
182369507
718236950
BREAK
071823965
507182396
650718239
965071823
396507182
239650718
823965071
182396507
718239650
BREAK
071826395
507182639
950718263
395071826
639507182
263950718
826395071
182639507
718263950
BREAK
071826935
507182693
350718269
935071826
693507182
269350718
826935071
182693507
718269350
BREAK
071829365
507182936
650718293
365071829
936507182
293650718
829365071
182936507
718293650
BREAK
071829635
507182963
350718296
635071829
963507182
296350718
829635071
182963507
718296350
BREAK
071923685
507192368
850719236
685071923
368507192
236850719
923685071
192368507
719236850
BREAK
071923865
507192386
650719238
865071923
386507192
238650719
923865071
192386507
719238650
BREAK
071926385
507192638
850719263
385071926
638507192
263850719
926385071
192638507
719263850
BREAK
071926835
507192683
350719268
835071926
683507192
268350719
926835071
192683507
719268350
BREAK
071928365
507192836
650719283
365071928
836507192
283650719
928365071
192836507
719283650
BREAK
071928635
507192863
350719286
635071928
863507192
286350719
928635071
192863507
719286350
BREAK
073126895
507312689
950731268
895073126
689507312
268950731
126895073
312689507
731268950
BREAK
073126985
507312698
850731269
985073126
698507312
269850731
126985073
312698507
731269850
BREAK
073128695
507312869
950731286
695073128
869507312
286950731
128695073
312869507
731286950
BREAK
073128965
507312896
650731289
965073128
896507312
289650731
128965073
312896507
731289650
BREAK
073129685
507312968
850731296
685073129
968507312
296850731
129685073
312968507
731296850
BREAK
073129865
507312986
650731298
865073129
986507312
298650731
129865073
312986507
731298650
BREAK
073621895
507362189
950736218
895073621
189507362
218950736
621895073
362189507
736218950
BREAK
073621985
507362198
850736219
985073621
198507362
219850736
621985073
362198507
736219850
BREAK
073628195
507362819
950736281
195073628
819507362
281950736
628195073
362819507
736281950
BREAK
073628915
507362891
150736289
915073628
891507362
289150736
628915073
362891507
736289150
BREAK
073629185
507362918
850736291
185073629
918507362
291850736
629185073
362918507
736291850
BREAK
073629815
507362981
150736298
815073629
981507362
298150736
629815073
362981507
736298150
BREAK
073821695
507382169
950738216
695073821
169507382
216950738
821695073
382169507
738216950
BREAK
073821965
507382196
650738219
965073821
196507382
219650738
821965073
382196507
738219650
BREAK
073826195
507382619
950738261
195073826
619507382
261950738
826195073
382619507
738261950
BREAK
073826915
507382691
150738269
915073826
691507382
269150738
826915073
382691507
738269150
BREAK
073829165
507382916
650738291
165073829
916507382
291650738
829165073
382916507
738291650
BREAK
073829615
507382961
150738296
615073829
961507382
296150738
829615073
382961507
738296150
BREAK
073921685
507392168
850739216
685073921
168507392
216850739
921685073
392168507
739216850
BREAK
073921865
507392186
650739218
865073921
186507392
218650739
921865073
392186507
739218650
BREAK
073926185
507392618
850739261
185073926
618507392
261850739
926185073
392618507
739261850
BREAK
073926815
507392681
150739268
815073926
681507392
268150739
926815073
392681507
739268150
BREAK
073928165
507392816
650739281
165073928
816507392
281650739
928165073
392816507
739281650
BREAK
073928615
507392861
150739286
615073928
861507392
286150739
928615073
392861507
739286150
BREAK
076123895
507612389
950761238
895076123
389507612
238950761
123895076
612389507
761238950
BREAK
076123985
507612398
850761239
985076123
398507612
239850761
123985076
612398507
761239850
BREAK
076128395
507612839
950761283
395076128
839507612
283950761
128395076
612839507
761283950
BREAK
076128935
507612893
350761289
935076128
893507612
289350761
128935076
612893507
761289350
BREAK
076129385
507612938
850761293
385076129
938507612
293850761
129385076
612938507
761293850
BREAK
076129835
507612983
350761298
835076129
983507612
298350761
129835076
612983507
761298350
BREAK
076321895
507632189
950763218
895076321
189507632
218950763
321895076
632189507
763218950
BREAK
076321985
507632198
850763219
985076321
198507632
219850763
321985076
632198507
763219850
BREAK
076328195
507632819
950763281
195076328
819507632
281950763
328195076
632819507
763281950
BREAK
076328915
507632891
150763289
915076328
891507632
289150763
328915076
632891507
763289150
BREAK
076329185
507632918
850763291
185076329
918507632
291850763
329185076
632918507
763291850
BREAK
076329815
507632981
150763298
815076329
981507632
298150763
329815076
632981507
763298150
BREAK
076821395
507682139
950768213
395076821
139507682
213950768
821395076
682139507
768213950
BREAK
076821935
507682193
350768219
935076821
193507682
219350768
821935076
682193507
768219350
BREAK
076823195
507682319
950768231
195076823
319507682
231950768
823195076
682319507
768231950
BREAK
076823915
507682391
150768239
915076823
391507682
239150768
823915076
682391507
768239150
BREAK
076829135
507682913
350768291
135076829
913507682
291350768
829135076
682913507
768291350
BREAK
076829315
507682931
150768293
315076829
931507682
293150768
829315076
682931507
768293150
BREAK
076921385
507692138
850769213
385076921
138507692
213850769
921385076
692138507
769213850
BREAK
076921835
507692183
350769218
835076921
183507692
218350769
921835076
692183507
769218350
BREAK
076923185
507692318
850769231
185076923
318507692
231850769
923185076
692318507
769231850
BREAK
076923815
507692381
150769238
815076923
381507692
238150769
923815076
692381507
769238150
BREAK
076928135
507692813
350769281
135076928
813507692
281350769
928135076
692813507
769281350
BREAK
076928315
507692831
150769283
315076928
831507692
283150769
928315076
692831507
769283150
BREAK
078123695
507812369
950781236
695078123
369507812
236950781
123695078
812369507
781236950
BREAK
078123965
507812396
650781239
965078123
396507812
239650781
123965078
812396507
781239650
BREAK
078126395
507812639
950781263
395078126
639507812
263950781
126395078
812639507
781263950
BREAK
078126935
507812693
350781269
935078126
693507812
269350781
126935078
812693507
781269350
BREAK
078129365
507812936
650781293
365078129
936507812
293650781
129365078
812936507
781293650
BREAK
078129635
507812963
350781296
635078129
963507812
296350781
129635078
812963507
781296350
BREAK
078321695
507832169
950783216
695078321
169507832
216950783
321695078
832169507
783216950
BREAK
078321965
507832196
650783219
965078321
196507832
219650783
321965078
832196507
783219650
BREAK
078326195
507832619
950783261
195078326
619507832
261950783
326195078
832619507
783261950
BREAK
078326915
507832691
150783269
915078326
691507832
269150783
326915078
832691507
783269150
BREAK
078329165
507832916
650783291
165078329
916507832
291650783
329165078
832916507
783291650
BREAK
078329615
507832961
150783296
615078329
961507832
296150783
329615078
832961507
783296150
BREAK
078621395
507862139
950786213
395078621
139507862
213950786
621395078
862139507
786213950
BREAK
078621935
507862193
350786219
935078621
193507862
219350786
621935078
862193507
786219350
BREAK
078623195
507862319
950786231
195078623
319507862
231950786
623195078
862319507
786231950
BREAK
078623915
507862391
150786239
915078623
391507862
239150786
623915078
862391507
786239150
BREAK
078629135
507862913
350786291
135078629
913507862
291350786
629135078
862913507
786291350
BREAK
078629315
507862931
150786293
315078629
931507862
293150786
629315078
862931507
786293150
BREAK
078921365
507892136
650789213
365078921
136507892
213650789
921365078
892136507
789213650
BREAK
078921635
507892163
350789216
635078921
163507892
216350789
921635078
892163507
789216350
BREAK
078923165
507892316
650789231
165078923
316507892
231650789
923165078
892316507
789231650
BREAK
078923615
507892361
150789236
615078923
361507892
236150789
923615078
892361507
789236150
BREAK
078926135
507892613
350789261
135078926
613507892
261350789
926135078
892613507
789261350
BREAK
078926315
507892631
150789263
315078926
631507892
263150789
926315078
892631507
789263150
BREAK
079123685
507912368
850791236
685079123
368507912
236850791
123685079
912368507
791236850
BREAK
079123865
507912386
650791238
865079123
386507912
238650791
123865079
912386507
791238650
BREAK
079126385
507912638
850791263
385079126
638507912
263850791
126385079
912638507
791263850
BREAK
079126835
507912683
350791268
835079126
683507912
268350791
126835079
912683507
791268350
BREAK
079128365
507912836
650791283
365079128
836507912
283650791
128365079
912836507
791283650
BREAK
079128635
507912863
350791286
635079128
863507912
286350791
128635079
912863507
791286350
BREAK
079321685
507932168
850793216
685079321
168507932
216850793
321685079
932168507
793216850
BREAK
079321865
507932186
650793218
865079321
186507932
218650793
321865079
932186507
793218650
BREAK
079326185
507932618
850793261
185079326
618507932
261850793
326185079
932618507
793261850
BREAK
079326815
507932681
150793268
815079326
681507932
268150793
326815079
932681507
793268150
BREAK
079328165
507932816
650793281
165079328
816507932
281650793
328165079
932816507
793281650
BREAK
079328615
507932861
150793286
615079328
861507932
286150793
328615079
932861507
793286150
BREAK
079621385
507962138
850796213
385079621
138507962
213850796
621385079
962138507
796213850
BREAK
079621835
507962183
350796218
835079621
183507962
218350796
621835079
962183507
796218350
BREAK
079623185
507962318
850796231
185079623
318507962
231850796
623185079
962318507
796231850
BREAK
079623815
507962381
150796238
815079623
381507962
238150796
623815079
962381507
796238150
BREAK
079628135
507962813
350796281
135079628
813507962
281350796
628135079
962813507
796281350
BREAK
079628315
507962831
150796283
315079628
831507962
283150796
628315079
962831507
796283150
BREAK
079821365
507982136
650798213
365079821
136507982
213650798
821365079
982136507
798213650
BREAK
079821635
507982163
350798216
635079821
163507982
216350798
821635079
982163507
798216350
BREAK
079823165
507982316
650798231
165079823
316507982
231650798
823165079
982316507
798231650
BREAK
079823615
507982361
150798236
615079823
361507982
236150798
823615079
982361507
798236150
BREAK
079826135
507982613
350798261
135079826
613507982
261350798
826135079
982613507
798261350
BREAK
079826315
507982631
150798263
315079826
631507982
263150798
826315079
982631507
798263150
BREAK
081326795
508132679
950813267
795081326
679508132
267950813
326795081
132679508
813267950
BREAK
081326975
508132697
750813269
975081326
697508132
269750813
326975081
132697508
813269750
BREAK
081327695
508132769
950813276
695081327
769508132
276950813
327695081
132769508
813276950
BREAK
081327965
508132796
650813279
965081327
796508132
279650813
327965081
132796508
813279650
BREAK
081329675
508132967
750813296
675081329
967508132
296750813
329675081
132967508
813296750
BREAK
081329765
508132976
650813297
765081329
976508132
297650813
329765081
132976508
813297650
BREAK
081623795
508162379
950816237
795081623
379508162
237950816
623795081
162379508
816237950
BREAK
081623975
508162397
750816239
975081623
397508162
239750816
623975081
162397508
816239750
BREAK
081627395
508162739
950816273
395081627
739508162
273950816
627395081
162739508
816273950
BREAK
081627935
508162793
350816279
935081627
793508162
279350816
627935081
162793508
816279350
BREAK
081629375
508162937
750816293
375081629
937508162
293750816
629375081
162937508
816293750
BREAK
081629735
508162973
350816297
735081629
973508162
297350816
629735081
162973508
816297350
BREAK
081723695
508172369
950817236
695081723
369508172
236950817
723695081
172369508
817236950
BREAK
081723965
508172396
650817239
965081723
396508172
239650817
723965081
172396508
817239650
BREAK
081726395
508172639
950817263
395081726
639508172
263950817
726395081
172639508
817263950
BREAK
081726935
508172693
350817269
935081726
693508172
269350817
726935081
172693508
817269350
BREAK
081729365
508172936
650817293
365081729
936508172
293650817
729365081
172936508
817293650
BREAK
081729635
508172963
350817296
635081729
963508172
296350817
729635081
172963508
817296350
BREAK
081923675
508192367
750819236
675081923
367508192
236750819
923675081
192367508
819236750
BREAK
081923765
508192376
650819237
765081923
376508192
237650819
923765081
192376508
819237650
BREAK
081926375
508192637
750819263
375081926
637508192
263750819
926375081
192637508
819263750
BREAK
081926735
508192673
350819267
735081926
673508192
267350819
926735081
192673508
819267350
BREAK
081927365
508192736
650819273
365081927
736508192
273650819
927365081
192736508
819273650
BREAK
081927635
508192763
350819276
635081927
763508192
276350819
927635081
192763508
819276350
BREAK
083126795
508312679
950831267
795083126
679508312
267950831
126795083
312679508
831267950
BREAK
083126975
508312697
750831269
975083126
697508312
269750831
126975083
312697508
831269750
BREAK
083127695
508312769
950831276
695083127
769508312
276950831
127695083
312769508
831276950
BREAK
083127965
508312796
650831279
965083127
796508312
279650831
127965083
312796508
831279650
BREAK
083129675
508312967
750831296
675083129
967508312
296750831
129675083
312967508
831296750
BREAK
083129765
508312976
650831297
765083129
976508312
297650831
129765083
312976508
831297650
BREAK
083621795
508362179
950836217
795083621
179508362
217950836
621795083
362179508
836217950
BREAK
083621975
508362197
750836219
975083621
197508362
219750836
621975083
362197508
836219750
BREAK
083627195
508362719
950836271
195083627
719508362
271950836
627195083
362719508
836271950
BREAK
083627915
508362791
150836279
915083627
791508362
279150836
627915083
362791508
836279150
BREAK
083629175
508362917
750836291
175083629
917508362
291750836
629175083
362917508
836291750
BREAK
083629715
508362971
150836297
715083629
971508362
297150836
629715083
362971508
836297150
BREAK
083721695
508372169
950837216
695083721
169508372
216950837
721695083
372169508
837216950
BREAK
083721965
508372196
650837219
965083721
196508372
219650837
721965083
372196508
837219650
BREAK
083726195
508372619
950837261
195083726
619508372
261950837
726195083
372619508
837261950
BREAK
083726915
508372691
150837269
915083726
691508372
269150837
726915083
372691508
837269150
BREAK
083729165
508372916
650837291
165083729
916508372
291650837
729165083
372916508
837291650
BREAK
083729615
508372961
150837296
615083729
961508372
296150837
729615083
372961508
837296150
BREAK
083921675
508392167
750839216
675083921
167508392
216750839
921675083
392167508
839216750
BREAK
083921765
508392176
650839217
765083921
176508392
217650839
921765083
392176508
839217650
BREAK
083926175
508392617
750839261
175083926
617508392
261750839
926175083
392617508
839261750
BREAK
083926715
508392671
150839267
715083926
671508392
267150839
926715083
392671508
839267150
BREAK
083927165
508392716
650839271
165083927
716508392
271650839
927165083
392716508
839271650
BREAK
083927615
508392761
150839276
615083927
761508392
276150839
927615083
392761508
839276150
BREAK
086123795
508612379
950861237
795086123
379508612
237950861
123795086
612379508
861237950
BREAK
086123975
508612397
750861239
975086123
397508612
239750861
123975086
612397508
861239750
BREAK
086127395
508612739
950861273
395086127
739508612
273950861
127395086
612739508
861273950
BREAK
086127935
508612793
350861279
935086127
793508612
279350861
127935086
612793508
861279350
BREAK
086129375
508612937
750861293
375086129
937508612
293750861
129375086
612937508
861293750
BREAK
086129735
508612973
350861297
735086129
973508612
297350861
129735086
612973508
861297350
BREAK
086321795
508632179
950863217
795086321
179508632
217950863
321795086
632179508
863217950
BREAK
086321975
508632197
750863219
975086321
197508632
219750863
321975086
632197508
863219750
BREAK
086327195
508632719
950863271
195086327
719508632
271950863
327195086
632719508
863271950
BREAK
086327915
508632791
150863279
915086327
791508632
279150863
327915086
632791508
863279150
BREAK
086329175
508632917
750863291
175086329
917508632
291750863
329175086
632917508
863291750
BREAK
086329715
508632971
150863297
715086329
971508632
297150863
329715086
632971508
863297150
BREAK
086721395
508672139
950867213
395086721
139508672
213950867
721395086
672139508
867213950
BREAK
086721935
508672193
350867219
935086721
193508672
219350867
721935086
672193508
867219350
BREAK
086723195
508672319
950867231
195086723
319508672
231950867
723195086
672319508
867231950
BREAK
086723915
508672391
150867239
915086723
391508672
239150867
723915086
672391508
867239150
BREAK
086729135
508672913
350867291
135086729
913508672
291350867
729135086
672913508
867291350
BREAK
086729315
508672931
150867293
315086729
931508672
293150867
729315086
672931508
867293150
BREAK
086921375
508692137
750869213
375086921
137508692
213750869
921375086
692137508
869213750
BREAK
086921735
508692173
350869217
735086921
173508692
217350869
921735086
692173508
869217350
BREAK
086923175
508692317
750869231
175086923
317508692
231750869
923175086
692317508
869231750
BREAK
086923715
508692371
150869237
715086923
371508692
237150869
923715086
692371508
869237150
BREAK
086927135
508692713
350869271
135086927
713508692
271350869
927135086
692713508
869271350
BREAK
086927315
508692731
150869273
315086927
731508692
273150869
927315086
692731508
869273150
BREAK
087123695
508712369
950871236
695087123
369508712
236950871
123695087
712369508
871236950
BREAK
087123965
508712396
650871239
965087123
396508712
239650871
123965087
712396508
871239650
BREAK
087126395
508712639
950871263
395087126
639508712
263950871
126395087
712639508
871263950
BREAK
087126935
508712693
350871269
935087126
693508712
269350871
126935087
712693508
871269350
BREAK
087129365
508712936
650871293
365087129
936508712
293650871
129365087
712936508
871293650
BREAK
087129635
508712963
350871296
635087129
963508712
296350871
129635087
712963508
871296350
BREAK
087321695
508732169
950873216
695087321
169508732
216950873
321695087
732169508
873216950
BREAK
087321965
508732196
650873219
965087321
196508732
219650873
321965087
732196508
873219650
BREAK
087326195
508732619
950873261
195087326
619508732
261950873
326195087
732619508
873261950
BREAK
087326915
508732691
150873269
915087326
691508732
269150873
326915087
732691508
873269150
BREAK
087329165
508732916
650873291
165087329
916508732
291650873
329165087
732916508
873291650
BREAK
087329615
508732961
150873296
615087329
961508732
296150873
329615087
732961508
873296150
BREAK
087621395
508762139
950876213
395087621
139508762
213950876
621395087
762139508
876213950
BREAK
087621935
508762193
350876219
935087621
193508762
219350876
621935087
762193508
876219350
BREAK
087623195
508762319
950876231
195087623
319508762
231950876
623195087
762319508
876231950
BREAK
087623915
508762391
150876239
915087623
391508762
239150876
623915087
762391508
876239150
BREAK
087629135
508762913
350876291
135087629
913508762
291350876
629135087
762913508
876291350
BREAK
087629315
508762931
150876293
315087629
931508762
293150876
629315087
762931508
876293150
BREAK
087921365
508792136
650879213
365087921
136508792
213650879
921365087
792136508
879213650
BREAK
087921635
508792163
350879216
635087921
163508792
216350879
921635087
792163508
879216350
BREAK
087923165
508792316
650879231
165087923
316508792
231650879
923165087
792316508
879231650
BREAK
087923615
508792361
150879236
615087923
361508792
236150879
923615087
792361508
879236150
BREAK
087926135
508792613
350879261
135087926
613508792
261350879
926135087
792613508
879261350
BREAK
087926315
508792631
150879263
315087926
631508792
263150879
926315087
792631508
879263150
BREAK
089123675
508912367
750891236
675089123
367508912
236750891
123675089
912367508
891236750
BREAK
089123765
508912376
650891237
765089123
376508912
237650891
123765089
912376508
891237650
BREAK
089126375
508912637
750891263
375089126
637508912
263750891
126375089
912637508
891263750
BREAK
089126735
508912673
350891267
735089126
673508912
267350891
126735089
912673508
891267350
BREAK
089127365
508912736
650891273
365089127
736508912
273650891
127365089
912736508
891273650
BREAK
089127635
508912763
350891276
635089127
763508912
276350891
127635089
912763508
891276350
BREAK
089321675
508932167
750893216
675089321
167508932
216750893
321675089
932167508
893216750
BREAK
089321765
508932176
650893217
765089321
176508932
217650893
321765089
932176508
893217650
BREAK
089326175
508932617
750893261
175089326
617508932
261750893
326175089
932617508
893261750
BREAK
089326715
508932671
150893267
715089326
671508932
267150893
326715089
932671508
893267150
BREAK
089327165
508932716
650893271
165089327
716508932
271650893
327165089
932716508
893271650
BREAK
089327615
508932761
150893276
615089327
761508932
276150893
327615089
932761508
893276150
BREAK
089621375
508962137
750896213
375089621
137508962
213750896
621375089
962137508
896213750
BREAK
089621735
508962173
350896217
735089621
173508962
217350896
621735089
962173508
896217350
BREAK
089623175
508962317
750896231
175089623
317508962
231750896
623175089
962317508
896231750
BREAK
089623715
508962371
150896237
715089623
371508962
237150896
623715089
962371508
896237150
BREAK
089627135
508962713
350896271
135089627
713508962
271350896
627135089
962713508
896271350
BREAK
089627315
508962731
150896273
315089627
731508962
273150896
627315089
962731508
896273150
BREAK
089721365
508972136
650897213
365089721
136508972
213650897
721365089
972136508
897213650
BREAK
089721635
508972163
350897216
635089721
163508972
216350897
721635089
972163508
897216350
BREAK
089723165
508972316
650897231
165089723
316508972
231650897
723165089
972316508
897231650
BREAK
089723615
508972361
150897236
615089723
361508972
236150897
723615089
972361508
897236150
BREAK
089726135
508972613
350897261
135089726
613508972
261350897
726135089
972613508
897261350
BREAK
089726315
508972631
150897263
315089726
631508972
263150897
726315089
972631508
897263150
BREAK
091326785
509132678
850913267
785091326
678509132
267850913
326785091
132678509
913267850
BREAK
091326875
509132687
750913268
875091326
687509132
268750913
326875091
132687509
913268750
BREAK
091327685
509132768
850913276
685091327
768509132
276850913
327685091
132768509
913276850
BREAK
091327865
509132786
650913278
865091327
786509132
278650913
327865091
132786509
913278650
BREAK
091328675
509132867
750913286
675091328
867509132
286750913
328675091
132867509
913286750
BREAK
091328765
509132876
650913287
765091328
876509132
287650913
328765091
132876509
913287650
BREAK
091623785
509162378
850916237
785091623
378509162
237850916
623785091
162378509
916237850
BREAK
091623875
509162387
750916238
875091623
387509162
238750916
623875091
162387509
916238750
BREAK
091627385
509162738
850916273
385091627
738509162
273850916
627385091
162738509
916273850
BREAK
091627835
509162783
350916278
835091627
783509162
278350916
627835091
162783509
916278350
BREAK
091628375
509162837
750916283
375091628
837509162
283750916
628375091
162837509
916283750
BREAK
091628735
509162873
350916287
735091628
873509162
287350916
628735091
162873509
916287350
BREAK
091723685
509172368
850917236
685091723
368509172
236850917
723685091
172368509
917236850
BREAK
091723865
509172386
650917238
865091723
386509172
238650917
723865091
172386509
917238650
BREAK
091726385
509172638
850917263
385091726
638509172
263850917
726385091
172638509
917263850
BREAK
091726835
509172683
350917268
835091726
683509172
268350917
726835091
172683509
917268350
BREAK
091728365
509172836
650917283
365091728
836509172
283650917
728365091
172836509
917283650
BREAK
091728635
509172863
350917286
635091728
863509172
286350917
728635091
172863509
917286350
BREAK
091823675
509182367
750918236
675091823
367509182
236750918
823675091
182367509
918236750
BREAK
091823765
509182376
650918237
765091823
376509182
237650918
823765091
182376509
918237650
BREAK
091826375
509182637
750918263
375091826
637509182
263750918
826375091
182637509
918263750
BREAK
091826735
509182673
350918267
735091826
673509182
267350918
826735091
182673509
918267350
BREAK
091827365
509182736
650918273
365091827
736509182
273650918
827365091
182736509
918273650
BREAK
091827635
509182763
350918276
635091827
763509182
276350918
827635091
182763509
918276350
BREAK
093126785
509312678
850931267
785093126
678509312
267850931
126785093
312678509
931267850
BREAK
093126875
509312687
750931268
875093126
687509312
268750931
126875093
312687509
931268750
BREAK
093127685
509312768
850931276
685093127
768509312
276850931
127685093
312768509
931276850
BREAK
093127865
509312786
650931278
865093127
786509312
278650931
127865093
312786509
931278650
BREAK
093128675
509312867
750931286
675093128
867509312
286750931
128675093
312867509
931286750
BREAK
093128765
509312876
650931287
765093128
876509312
287650931
128765093
312876509
931287650
BREAK
093621785
509362178
850936217
785093621
178509362
217850936
621785093
362178509
936217850
BREAK
093621875
509362187
750936218
875093621
187509362
218750936
621875093
362187509
936218750
BREAK
093627185
509362718
850936271
185093627
718509362
271850936
627185093
362718509
936271850
BREAK
093627815
509362781
150936278
815093627
781509362
278150936
627815093
362781509
936278150
BREAK
093628175
509362817
750936281
175093628
817509362
281750936
628175093
362817509
936281750
BREAK
093628715
509362871
150936287
715093628
871509362
287150936
628715093
362871509
936287150
BREAK
093721685
509372168
850937216
685093721
168509372
216850937
721685093
372168509
937216850
BREAK
093721865
509372186
650937218
865093721
186509372
218650937
721865093
372186509
937218650
BREAK
093726185
509372618
850937261
185093726
618509372
261850937
726185093
372618509
937261850
BREAK
093726815
509372681
150937268
815093726
681509372
268150937
726815093
372681509
937268150
BREAK
093728165
509372816
650937281
165093728
816509372
281650937
728165093
372816509
937281650
BREAK
093728615
509372861
150937286
615093728
861509372
286150937
728615093
372861509
937286150
BREAK
093821675
509382167
750938216
675093821
167509382
216750938
821675093
382167509
938216750
BREAK
093821765
509382176
650938217
765093821
176509382
217650938
821765093
382176509
938217650
BREAK
093826175
509382617
750938261
175093826
617509382
261750938
826175093
382617509
938261750
BREAK
093826715
509382671
150938267
715093826
671509382
267150938
826715093
382671509
938267150
BREAK
093827165
509382716
650938271
165093827
716509382
271650938
827165093
382716509
938271650
BREAK
093827615
509382761
150938276
615093827
761509382
276150938
827615093
382761509
938276150
BREAK
096123785
509612378
850961237
785096123
378509612
237850961
123785096
612378509
961237850
BREAK
096123875
509612387
750961238
875096123
387509612
238750961
123875096
612387509
961238750
BREAK
096127385
509612738
850961273
385096127
738509612
273850961
127385096
612738509
961273850
BREAK
096127835
509612783
350961278
835096127
783509612
278350961
127835096
612783509
961278350
BREAK
096128375
509612837
750961283
375096128
837509612
283750961
128375096
612837509
961283750
BREAK
096128735
509612873
350961287
735096128
873509612
287350961
128735096
612873509
961287350
BREAK
096321785
509632178
850963217
785096321
178509632
217850963
321785096
632178509
963217850
BREAK
096321875
509632187
750963218
875096321
187509632
218750963
321875096
632187509
963218750
BREAK
096327185
509632718
850963271
185096327
718509632
271850963
327185096
632718509
963271850
BREAK
096327815
509632781
150963278
815096327
781509632
278150963
327815096
632781509
963278150
BREAK
096328175
509632817
750963281
175096328
817509632
281750963
328175096
632817509
963281750
BREAK
096328715
509632871
150963287
715096328
871509632
287150963
328715096
632871509
963287150
BREAK
096721385
509672138
850967213
385096721
138509672
213850967
721385096
672138509
967213850
BREAK
096721835
509672183
350967218
835096721
183509672
218350967
721835096
672183509
967218350
BREAK
096723185
509672318
850967231
185096723
318509672
231850967
723185096
672318509
967231850
BREAK
096723815
509672381
150967238
815096723
381509672
238150967
723815096
672381509
967238150
BREAK
096728135
509672813
350967281
135096728
813509672
281350967
728135096
672813509
967281350
BREAK
096728315
509672831
150967283
315096728
831509672
283150967
728315096
672831509
967283150
BREAK
096821375
509682137
750968213
375096821
137509682
213750968
821375096
682137509
968213750
BREAK
096821735
509682173
350968217
735096821
173509682
217350968
821735096
682173509
968217350
BREAK
096823175
509682317
750968231
175096823
317509682
231750968
823175096
682317509
968231750
BREAK
096823715
509682371
150968237
715096823
371509682
237150968
823715096
682371509
968237150
BREAK
096827135
509682713
350968271
135096827
713509682
271350968
827135096
682713509
968271350
BREAK
096827315
509682731
150968273
315096827
731509682
273150968
827315096
682731509
968273150
BREAK
097123685
509712368
850971236
685097123
368509712
236850971
123685097
712368509
971236850
BREAK
097123865
509712386
650971238
865097123
386509712
238650971
123865097
712386509
971238650
BREAK
097126385
509712638
850971263
385097126
638509712
263850971
126385097
712638509
971263850
BREAK
097126835
509712683
350971268
835097126
683509712
268350971
126835097
712683509
971268350
BREAK
097128365
509712836
650971283
365097128
836509712
283650971
128365097
712836509
971283650
BREAK
097128635
509712863
350971286
635097128
863509712
286350971
128635097
712863509
971286350
BREAK
097321685
509732168
850973216
685097321
168509732
216850973
321685097
732168509
973216850
BREAK
097321865
509732186
650973218
865097321
186509732
218650973
321865097
732186509
973218650
BREAK
097326185
509732618
850973261
185097326
618509732
261850973
326185097
732618509
973261850
BREAK
097326815
509732681
150973268
815097326
681509732
268150973
326815097
732681509
973268150
BREAK
097328165
509732816
650973281
165097328
816509732
281650973
328165097
732816509
973281650
BREAK
097328615
509732861
150973286
615097328
861509732
286150973
328615097
732861509
973286150
BREAK
097621385
509762138
850976213
385097621
138509762
213850976
621385097
762138509
976213850
BREAK
097621835
509762183
350976218
835097621
183509762
218350976
621835097
762183509
976218350
BREAK
097623185
509762318
850976231
185097623
318509762
231850976
623185097
762318509
976231850
BREAK
097623815
509762381
150976238
815097623
381509762
238150976
623815097
762381509
976238150
BREAK
097628135
509762813
350976281
135097628
813509762
281350976
628135097
762813509
976281350
BREAK
097628315
509762831
150976283
315097628
831509762
283150976
628315097
762831509
976283150
BREAK
097821365
509782136
650978213
365097821
136509782
213650978
821365097
782136509
978213650
BREAK
097821635
509782163
350978216
635097821
163509782
216350978
821635097
782163509
978216350
BREAK
097823165
509782316
650978231
165097823
316509782
231650978
823165097
782316509
978231650
BREAK
097823615
509782361
150978236
615097823
361509782
236150978
823615097
782361509
978236150
BREAK
097826135
509782613
350978261
135097826
613509782
261350978
826135097
782613509
978261350
BREAK
097826315
509782631
150978263
315097826
631509782
263150978
826315097
782631509
978263150
BREAK
098123675
509812367
750981236
675098123
367509812
236750981
123675098
812367509
981236750
BREAK
098123765
509812376
650981237
765098123
376509812
237650981
123765098
812376509
981237650
BREAK
098126375
509812637
750981263
375098126
637509812
263750981
126375098
812637509
981263750
BREAK
098126735
509812673
350981267
735098126
673509812
267350981
126735098
812673509
981267350
BREAK
098127365
509812736
650981273
365098127
736509812
273650981
127365098
812736509
981273650
BREAK
098127635
509812763
350981276
635098127
763509812
276350981
127635098
812763509
981276350
BREAK
098321675
509832167
750983216
675098321
167509832
216750983
321675098
832167509
983216750
BREAK
098321765
509832176
650983217
765098321
176509832
217650983
321765098
832176509
983217650
BREAK
098326175
509832617
750983261
175098326
617509832
261750983
326175098
832617509
983261750
BREAK
098326715
509832671
150983267
715098326
671509832
267150983
326715098
832671509
983267150
BREAK
098327165
509832716
650983271
165098327
716509832
271650983
327165098
832716509
983271650
BREAK
098327615
509832761
150983276
615098327
761509832
276150983
327615098
832761509
983276150
BREAK
098621375
509862137
750986213
375098621
137509862
213750986
621375098
862137509
986213750
BREAK
098621735
509862173
350986217
735098621
173509862
217350986
621735098
862173509
986217350
BREAK
098623175
509862317
750986231
175098623
317509862
231750986
623175098
862317509
986231750
BREAK
098623715
509862371
150986237
715098623
371509862
237150986
623715098
862371509
986237150
BREAK
098627135
509862713
350986271
135098627
713509862
271350986
627135098
862713509
986271350
BREAK
098627315
509862731
150986273
315098627
731509862
273150986
627315098
862731509
986273150
BREAK
098721365
509872136
650987213
365098721
136509872
213650987
721365098
872136509
987213650
BREAK
098721635
509872163
350987216
635098721
163509872
216350987
721635098
872163509
987216350
BREAK
098723165
509872316
650987231
165098723
316509872
231650987
723165098
872316509
987231650
BREAK
098723615
509872361
150987236
615098723
361509872
236150987
723615098
872361509
987236150
BREAK
098726135
509872613
350987261
135098726
613509872
261350987
726135098
872613509
987261350
BREAK
098726315
509872631
150987263
315098726
631509872
263150987
726315098
872631509
987263150
