BREAK
013427895
501342789
950134278
895013427
789501342
278950134
427895013
342789501
134278950
BREAK
013427985
501342798
850134279
985013427
798501342
279850134
427985013
342798501
134279850
BREAK
013428795
501342879
950134287
795013428
879501342
287950134
428795013
342879501
134287950
BREAK
013428975
501342897
750134289
975013428
897501342
289750134
428975013
342897501
134289750
BREAK
013429785
501342978
850134297
785013429
978501342
297850134
429785013
342978501
134297850
BREAK
013429875
501342987
750134298
875013429
987501342
298750134
429875013
342987501
134298750
BREAK
013724895
501372489
950137248
895013724
489501372
248950137
724895013
372489501
137248950
BREAK
013724985
501372498
850137249
985013724
498501372
249850137
724985013
372498501
137249850
BREAK
013728495
501372849
950137284
495013728
849501372
284950137
728495013
372849501
137284950
BREAK
013728945
501372894
450137289
945013728
894501372
289450137
728945013
372894501
137289450
BREAK
013729485
501372948
850137294
485013729
948501372
294850137
729485013
372948501
137294850
BREAK
013729845
501372984
450137298
845013729
984501372
298450137
729845013
372984501
137298450
BREAK
013824795
501382479
950138247
795013824
479501382
247950138
824795013
382479501
138247950
BREAK
013824975
501382497
750138249
975013824
497501382
249750138
824975013
382497501
138249750
BREAK
013827495
501382749
950138274
495013827
749501382
274950138
827495013
382749501
138274950
BREAK
013827945
501382794
450138279
945013827
794501382
279450138
827945013
382794501
138279450
BREAK
013829475
501382947
750138294
475013829
947501382
294750138
829475013
382947501
138294750
BREAK
013829745
501382974
450138297
745013829
974501382
297450138
829745013
382974501
138297450
BREAK
013924785
501392478
850139247
785013924
478501392
247850139
924785013
392478501
139247850
BREAK
013924875
501392487
750139248
875013924
487501392
248750139
924875013
392487501
139248750
BREAK
013927485
501392748
850139274
485013927
748501392
274850139
927485013
392748501
139274850
BREAK
013927845
501392784
450139278
845013927
784501392
278450139
927845013
392784501
139278450
BREAK
013928475
501392847
750139284
475013928
847501392
284750139
928475013
392847501
139284750
BREAK
013928745
501392874
450139287
745013928
874501392
287450139
928745013
392874501
139287450
BREAK
014327895
501432789
950143278
895014327
789501432
278950143
327895014
432789501
143278950
BREAK
014327985
501432798
850143279
985014327
798501432
279850143
327985014
432798501
143279850
BREAK
014328795
501432879
950143287
795014328
879501432
287950143
328795014
432879501
143287950
BREAK
014328975
501432897
750143289
975014328
897501432
289750143
328975014
432897501
143289750
BREAK
014329785
501432978
850143297
785014329
978501432
297850143
329785014
432978501
143297850
BREAK
014329875
501432987
750143298
875014329
987501432
298750143
329875014
432987501
143298750
BREAK
014723895
501472389
950147238
895014723
389501472
238950147
723895014
472389501
147238950
BREAK
014723985
501472398
850147239
985014723
398501472
239850147
723985014
472398501
147239850
BREAK
014728395
501472839
950147283
395014728
839501472
283950147
728395014
472839501
147283950
BREAK
014728935
501472893
350147289
935014728
893501472
289350147
728935014
472893501
147289350
BREAK
014729385
501472938
850147293
385014729
938501472
293850147
729385014
472938501
147293850
BREAK
014729835
501472983
350147298
835014729
983501472
298350147
729835014
472983501
147298350
BREAK
014823795
501482379
950148237
795014823
379501482
237950148
823795014
482379501
148237950
BREAK
014823975
501482397
750148239
975014823
397501482
239750148
823975014
482397501
148239750
BREAK
014827395
501482739
950148273
395014827
739501482
273950148
827395014
482739501
148273950
BREAK
014827935
501482793
350148279
935014827
793501482
279350148
827935014
482793501
148279350
BREAK
014829375
501482937
750148293
375014829
937501482
293750148
829375014
482937501
148293750
BREAK
014829735
501482973
350148297
735014829
973501482
297350148
829735014
482973501
148297350
BREAK
014923785
501492378
850149237
785014923
378501492
237850149
923785014
492378501
149237850
BREAK
014923875
501492387
750149238
875014923
387501492
238750149
923875014
492387501
149238750
BREAK
014927385
501492738
850149273
385014927
738501492
273850149
927385014
492738501
149273850
BREAK
014927835
501492783
350149278
835014927
783501492
278350149
927835014
492783501
149278350
BREAK
014928375
501492837
750149283
375014928
837501492
283750149
928375014
492837501
149283750
BREAK
014928735
501492873
350149287
735014928
873501492
287350149
928735014
492873501
149287350
BREAK
017324895
501732489
950173248
895017324
489501732
248950173
324895017
732489501
173248950
BREAK
017324985
501732498
850173249
985017324
498501732
249850173
324985017
732498501
173249850
BREAK
017328495
501732849
950173284
495017328
849501732
284950173
328495017
732849501
173284950
BREAK
017328945
501732894
450173289
945017328
894501732
289450173
328945017
732894501
173289450
BREAK
017329485
501732948
850173294
485017329
948501732
294850173
329485017
732948501
173294850
BREAK
017329845
501732984
450173298
845017329
984501732
298450173
329845017
732984501
173298450
BREAK
017423895
501742389
950174238
895017423
389501742
238950174
423895017
742389501
174238950
BREAK
017423985
501742398
850174239
985017423
398501742
239850174
423985017
742398501
174239850
BREAK
017428395
501742839
950174283
395017428
839501742
283950174
428395017
742839501
174283950
BREAK
017428935
501742893
350174289
935017428
893501742
289350174
428935017
742893501
174289350
BREAK
017429385
501742938
850174293
385017429
938501742
293850174
429385017
742938501
174293850
BREAK
017429835
501742983
350174298
835017429
983501742
298350174
429835017
742983501
174298350
BREAK
017823495
501782349
950178234
495017823
349501782
234950178
823495017
782349501
178234950
BREAK
017823945
501782394
450178239
945017823
394501782
239450178
823945017
782394501
178239450
BREAK
017824395
501782439
950178243
395017824
439501782
243950178
824395017
782439501
178243950
BREAK
017824935
501782493
350178249
935017824
493501782
249350178
824935017
782493501
178249350
BREAK
017829345
501782934
450178293
345017829
934501782
293450178
829345017
782934501
178293450
BREAK
017829435
501782943
350178294
435017829
943501782
294350178
829435017
782943501
178294350
BREAK
017923485
501792348
850179234
485017923
348501792
234850179
923485017
792348501
179234850
BREAK
017923845
501792384
450179238
845017923
384501792
238450179
923845017
792384501
179238450
BREAK
017924385
501792438
850179243
385017924
438501792
243850179
924385017
792438501
179243850
BREAK
017924835
501792483
350179248
835017924
483501792
248350179
924835017
792483501
179248350
BREAK
017928345
501792834
450179283
345017928
834501792
283450179
928345017
792834501
179283450
BREAK
017928435
501792843
350179284
435017928
843501792
284350179
928435017
792843501
179284350
BREAK
018324795
501832479
950183247
795018324
479501832
247950183
324795018
832479501
183247950
BREAK
018324975
501832497
750183249
975018324
497501832
249750183
324975018
832497501
183249750
BREAK
018327495
501832749
950183274
495018327
749501832
274950183
327495018
832749501
183274950
BREAK
018327945
501832794
450183279
945018327
794501832
279450183
327945018
832794501
183279450
BREAK
018329475
501832947
750183294
475018329
947501832
294750183
329475018
832947501
183294750
BREAK
018329745
501832974
450183297
745018329
974501832
297450183
329745018
832974501
183297450
BREAK
018423795
501842379
950184237
795018423
379501842
237950184
423795018
842379501
184237950
BREAK
018423975
501842397
750184239
975018423
397501842
239750184
423975018
842397501
184239750
BREAK
018427395
501842739
950184273
395018427
739501842
273950184
427395018
842739501
184273950
BREAK
018427935
501842793
350184279
935018427
793501842
279350184
427935018
842793501
184279350
BREAK
018429375
501842937
750184293
375018429
937501842
293750184
429375018
842937501
184293750
BREAK
018429735
501842973
350184297
735018429
973501842
297350184
429735018
842973501
184297350
BREAK
018723495
501872349
950187234
495018723
349501872
234950187
723495018
872349501
187234950
BREAK
018723945
501872394
450187239
945018723
394501872
239450187
723945018
872394501
187239450
BREAK
018724395
501872439
950187243
395018724
439501872
243950187
724395018
872439501
187243950
BREAK
018724935
501872493
350187249
935018724
493501872
249350187
724935018
872493501
187249350
BREAK
018729345
501872934
450187293
345018729
934501872
293450187
729345018
872934501
187293450
BREAK
018729435
501872943
350187294
435018729
943501872
294350187
729435018
872943501
187294350
BREAK
018923475
501892347
750189234
475018923
347501892
234750189
923475018
892347501
189234750
BREAK
018923745
501892374
450189237
745018923
374501892
237450189
923745018
892374501
189237450
BREAK
018924375
501892437
750189243
375018924
437501892
243750189
924375018
892437501
189243750
BREAK
018924735
501892473
350189247
735018924
473501892
247350189
924735018
892473501
189247350
BREAK
018927345
501892734
450189273
345018927
734501892
273450189
927345018
892734501
189273450
BREAK
018927435
501892743
350189274
435018927
743501892
274350189
927435018
892743501
189274350
BREAK
019324785
501932478
850193247
785019324
478501932
247850193
324785019
932478501
193247850
BREAK
019324875
501932487
750193248
875019324
487501932
248750193
324875019
932487501
193248750
BREAK
019327485
501932748
850193274
485019327
748501932
274850193
327485019
932748501
193274850
BREAK
019327845
501932784
450193278
845019327
784501932
278450193
327845019
932784501
193278450
BREAK
019328475
501932847
750193284
475019328
847501932
284750193
328475019
932847501
193284750
BREAK
019328745
501932874
450193287
745019328
874501932
287450193
328745019
932874501
193287450
BREAK
019423785
501942378
850194237
785019423
378501942
237850194
423785019
942378501
194237850
BREAK
019423875
501942387
750194238
875019423
387501942
238750194
423875019
942387501
194238750
BREAK
019427385
501942738
850194273
385019427
738501942
273850194
427385019
942738501
194273850
BREAK
019427835
501942783
350194278
835019427
783501942
278350194
427835019
942783501
194278350
BREAK
019428375
501942837
750194283
375019428
837501942
283750194
428375019
942837501
194283750
BREAK
019428735
501942873
350194287
735019428
873501942
287350194
428735019
942873501
194287350
BREAK
019723485
501972348
850197234
485019723
348501972
234850197
723485019
972348501
197234850
BREAK
019723845
501972384
450197238
845019723
384501972
238450197
723845019
972384501
197238450
BREAK
019724385
501972438
850197243
385019724
438501972
243850197
724385019
972438501
197243850
BREAK
019724835
501972483
350197248
835019724
483501972
248350197
724835019
972483501
197248350
BREAK
019728345
501972834
450197283
345019728
834501972
283450197
728345019
972834501
197283450
BREAK
019728435
501972843
350197284
435019728
843501972
284350197
728435019
972843501
197284350
BREAK
019823475
501982347
750198234
475019823
347501982
234750198
823475019
982347501
198234750
BREAK
019823745
501982374
450198237
745019823
374501982
237450198
823745019
982374501
198237450
BREAK
019824375
501982437
750198243
375019824
437501982
243750198
824375019
982437501
198243750
BREAK
019824735
501982473
350198247
735019824
473501982
247350198
824735019
982473501
198247350
BREAK
019827345
501982734
450198273
345019827
734501982
273450198
827345019
982734501
198273450
BREAK
019827435
501982743
350198274
435019827
743501982
274350198
827435019
982743501
198274350
BREAK
031427895
503142789
950314278
895031427
789503142
278950314
427895031
142789503
314278950
BREAK
031427985
503142798
850314279
985031427
798503142
279850314
427985031
142798503
314279850
BREAK
031428795
503142879
950314287
795031428
879503142
287950314
428795031
142879503
314287950
BREAK
031428975
503142897
750314289
975031428
897503142
289750314
428975031
142897503
314289750
BREAK
031429785
503142978
850314297
785031429
978503142
297850314
429785031
142978503
314297850
BREAK
031429875
503142987
750314298
875031429
987503142
298750314
429875031
142987503
314298750
BREAK
031724895
503172489
950317248
895031724
489503172
248950317
724895031
172489503
317248950
BREAK
031724985
503172498
850317249
985031724
498503172
249850317
724985031
172498503
317249850
BREAK
031728495
503172849
950317284
495031728
849503172
284950317
728495031
172849503
317284950
BREAK
031728945
503172894
450317289
945031728
894503172
289450317
728945031
172894503
317289450
BREAK
031729485
503172948
850317294
485031729
948503172
294850317
729485031
172948503
317294850
BREAK
031729845
503172984
450317298
845031729
984503172
298450317
729845031
172984503
317298450
BREAK
031824795
503182479
950318247
795031824
479503182
247950318
824795031
182479503
318247950
BREAK
031824975
503182497
750318249
975031824
497503182
249750318
824975031
182497503
318249750
BREAK
031827495
503182749
950318274
495031827
749503182
274950318
827495031
182749503
318274950
BREAK
031827945
503182794
450318279
945031827
794503182
279450318
827945031
182794503
318279450
BREAK
031829475
503182947
750318294
475031829
947503182
294750318
829475031
182947503
318294750
BREAK
031829745
503182974
450318297
745031829
974503182
297450318
829745031
182974503
318297450
BREAK
031924785
503192478
850319247
785031924
478503192
247850319
924785031
192478503
319247850
BREAK
031924875
503192487
750319248
875031924
487503192
248750319
924875031
192487503
319248750
BREAK
031927485
503192748
850319274
485031927
748503192
274850319
927485031
192748503
319274850
BREAK
031927845
503192784
450319278
845031927
784503192
278450319
927845031
192784503
319278450
BREAK
031928475
503192847
750319284
475031928
847503192
284750319
928475031
192847503
319284750
BREAK
031928745
503192874
450319287
745031928
874503192
287450319
928745031
192874503
319287450
BREAK
034127895
503412789
950341278
895034127
789503412
278950341
127895034
412789503
341278950
BREAK
034127985
503412798
850341279
985034127
798503412
279850341
127985034
412798503
341279850
BREAK
034128795
503412879
950341287
795034128
879503412
287950341
128795034
412879503
341287950
BREAK
034128975
503412897
750341289
975034128
897503412
289750341
128975034
412897503
341289750
BREAK
034129785
503412978
850341297
785034129
978503412
297850341
129785034
412978503
341297850
BREAK
034129875
503412987
750341298
875034129
987503412
298750341
129875034
412987503
341298750
BREAK
034721895
503472189
950347218
895034721
189503472
218950347
721895034
472189503
347218950
BREAK
034721985
503472198
850347219
985034721
198503472
219850347
721985034
472198503
347219850
BREAK
034728195
503472819
950347281
195034728
819503472
281950347
728195034
472819503
347281950
BREAK
034728915
503472891
150347289
915034728
891503472
289150347
728915034
472891503
347289150
BREAK
034729185
503472918
850347291
185034729
918503472
291850347
729185034
472918503
347291850
BREAK
034729815
503472981
150347298
815034729
981503472
298150347
729815034
472981503
347298150
BREAK
034821795
503482179
950348217
795034821
179503482
217950348
821795034
482179503
348217950
BREAK
034821975
503482197
750348219
975034821
197503482
219750348
821975034
482197503
348219750
BREAK
034827195
503482719
950348271
195034827
719503482
271950348
827195034
482719503
348271950
BREAK
034827915
503482791
150348279
915034827
791503482
279150348
827915034
482791503
348279150
BREAK
034829175
503482917
750348291
175034829
917503482
291750348
829175034
482917503
348291750
BREAK
034829715
503482971
150348297
715034829
971503482
297150348
829715034
482971503
348297150
BREAK
034921785
503492178
850349217
785034921
178503492
217850349
921785034
492178503
349217850
BREAK
034921875
503492187
750349218
875034921
187503492
218750349
921875034
492187503
349218750
BREAK
034927185
503492718
850349271
185034927
718503492
271850349
927185034
492718503
349271850
BREAK
034927815
503492781
150349278
815034927
781503492
278150349
927815034
492781503
349278150
BREAK
034928175
503492817
750349281
175034928
817503492
281750349
928175034
492817503
349281750
BREAK
034928715
503492871
150349287
715034928
871503492
287150349
928715034
492871503
349287150
BREAK
037124895
503712489
950371248
895037124
489503712
248950371
124895037
712489503
371248950
BREAK
037124985
503712498
850371249
985037124
498503712
249850371
124985037
712498503
371249850
BREAK
037128495
503712849
950371284
495037128
849503712
284950371
128495037
712849503
371284950
BREAK
037128945
503712894
450371289
945037128
894503712
289450371
128945037
712894503
371289450
BREAK
037129485
503712948
850371294
485037129
948503712
294850371
129485037
712948503
371294850
BREAK
037129845
503712984
450371298
845037129
984503712
298450371
129845037
712984503
371298450
BREAK
037421895
503742189
950374218
895037421
189503742
218950374
421895037
742189503
374218950
BREAK
037421985
503742198
850374219
985037421
198503742
219850374
421985037
742198503
374219850
BREAK
037428195
503742819
950374281
195037428
819503742
281950374
428195037
742819503
374281950
BREAK
037428915
503742891
150374289
915037428
891503742
289150374
428915037
742891503
374289150
BREAK
037429185
503742918
850374291
185037429
918503742
291850374
429185037
742918503
374291850
BREAK
037429815
503742981
150374298
815037429
981503742
298150374
429815037
742981503
374298150
BREAK
037821495
503782149
950378214
495037821
149503782
214950378
821495037
782149503
378214950
BREAK
037821945
503782194
450378219
945037821
194503782
219450378
821945037
782194503
378219450
BREAK
037824195
503782419
950378241
195037824
419503782
241950378
824195037
782419503
378241950
BREAK
037824915
503782491
150378249
915037824
491503782
249150378
824915037
782491503
378249150
BREAK
037829145
503782914
450378291
145037829
914503782
291450378
829145037
782914503
378291450
BREAK
037829415
503782941
150378294
415037829
941503782
294150378
829415037
782941503
378294150
BREAK
037921485
503792148
850379214
485037921
148503792
214850379
921485037
792148503
379214850
BREAK
037921845
503792184
450379218
845037921
184503792
218450379
921845037
792184503
379218450
BREAK
037924185
503792418
850379241
185037924
418503792
241850379
924185037
792418503
379241850
BREAK
037924815
503792481
150379248
815037924
481503792
248150379
924815037
792481503
379248150
BREAK
037928145
503792814
450379281
145037928
814503792
281450379
928145037
792814503
379281450
BREAK
037928415
503792841
150379284
415037928
841503792
284150379
928415037
792841503
379284150
BREAK
038124795
503812479
950381247
795038124
479503812
247950381
124795038
812479503
381247950
BREAK
038124975
503812497
750381249
975038124
497503812
249750381
124975038
812497503
381249750
BREAK
038127495
503812749
950381274
495038127
749503812
274950381
127495038
812749503
381274950
BREAK
038127945
503812794
450381279
945038127
794503812
279450381
127945038
812794503
381279450
BREAK
038129475
503812947
750381294
475038129
947503812
294750381
129475038
812947503
381294750
BREAK
038129745
503812974
450381297
745038129
974503812
297450381
129745038
812974503
381297450
BREAK
038421795
503842179
950384217
795038421
179503842
217950384
421795038
842179503
384217950
BREAK
038421975
503842197
750384219
975038421
197503842
219750384
421975038
842197503
384219750
BREAK
038427195
503842719
950384271
195038427
719503842
271950384
427195038
842719503
384271950
BREAK
038427915
503842791
150384279
915038427
791503842
279150384
427915038
842791503
384279150
BREAK
038429175
503842917
750384291
175038429
917503842
291750384
429175038
842917503
384291750
BREAK
038429715
503842971
150384297
715038429
971503842
297150384
429715038
842971503
384297150
BREAK
038721495
503872149
950387214
495038721
149503872
214950387
721495038
872149503
387214950
BREAK
038721945
503872194
450387219
945038721
194503872
219450387
721945038
872194503
387219450
BREAK
038724195
503872419
950387241
195038724
419503872
241950387
724195038
872419503
387241950
BREAK
038724915
503872491
150387249
915038724
491503872
249150387
724915038
872491503
387249150
BREAK
038729145
503872914
450387291
145038729
914503872
291450387
729145038
872914503
387291450
BREAK
038729415
503872941
150387294
415038729
941503872
294150387
729415038
872941503
387294150
BREAK
038921475
503892147
750389214
475038921
147503892
214750389
921475038
892147503
389214750
BREAK
038921745
503892174
450389217
745038921
174503892
217450389
921745038
892174503
389217450
BREAK
038924175
503892417
750389241
175038924
417503892
241750389
924175038
892417503
389241750
BREAK
038924715
503892471
150389247
715038924
471503892
247150389
924715038
892471503
389247150
BREAK
038927145
503892714
450389271
145038927
714503892
271450389
927145038
892714503
389271450
BREAK
038927415
503892741
150389274
415038927
741503892
274150389
927415038
892741503
389274150
BREAK
039124785
503912478
850391247
785039124
478503912
247850391
124785039
912478503
391247850
BREAK
039124875
503912487
750391248
875039124
487503912
248750391
124875039
912487503
391248750
BREAK
039127485
503912748
850391274
485039127
748503912
274850391
127485039
912748503
391274850
BREAK
039127845
503912784
450391278
845039127
784503912
278450391
127845039
912784503
391278450
BREAK
039128475
503912847
750391284
475039128
847503912
284750391
128475039
912847503
391284750
BREAK
039128745
503912874
450391287
745039128
874503912
287450391
128745039
912874503
391287450
BREAK
039421785
503942178
850394217
785039421
178503942
217850394
421785039
942178503
394217850
BREAK
039421875
503942187
750394218
875039421
187503942
218750394
421875039
942187503
394218750
BREAK
039427185
503942718
850394271
185039427
718503942
271850394
427185039
942718503
394271850
BREAK
039427815
503942781
150394278
815039427
781503942
278150394
427815039
942781503
394278150
BREAK
039428175
503942817
750394281
175039428
817503942
281750394
428175039
942817503
394281750
BREAK
039428715
503942871
150394287
715039428
871503942
287150394
428715039
942871503
394287150
BREAK
039721485
503972148
850397214
485039721
148503972
214850397
721485039
972148503
397214850
BREAK
039721845
503972184
450397218
845039721
184503972
218450397
721845039
972184503
397218450
BREAK
039724185
503972418
850397241
185039724
418503972
241850397
724185039
972418503
397241850
BREAK
039724815
503972481
150397248
815039724
481503972
248150397
724815039
972481503
397248150
BREAK
039728145
503972814
450397281
145039728
814503972
281450397
728145039
972814503
397281450
BREAK
039728415
503972841
150397284
415039728
841503972
284150397
728415039
972841503
397284150
BREAK
039821475
503982147
750398214
475039821
147503982
214750398
821475039
982147503
398214750
BREAK
039821745
503982174
450398217
745039821
174503982
217450398
821745039
982174503
398217450
BREAK
039824175
503982417
750398241
175039824
417503982
241750398
824175039
982417503
398241750
BREAK
039824715
503982471
150398247
715039824
471503982
247150398
824715039
982471503
398247150
BREAK
039827145
503982714
450398271
145039827
714503982
271450398
827145039
982714503
398271450
BREAK
039827415
503982741
150398274
415039827
741503982
274150398
827415039
982741503
398274150
BREAK
041327895
504132789
950413278
895041327
789504132
278950413
327895041
132789504
413278950
BREAK
041327985
504132798
850413279
985041327
798504132
279850413
327985041
132798504
413279850
BREAK
041328795
504132879
950413287
795041328
879504132
287950413
328795041
132879504
413287950
BREAK
041328975
504132897
750413289
975041328
897504132
289750413
328975041
132897504
413289750
BREAK
041329785
504132978
850413297
785041329
978504132
297850413
329785041
132978504
413297850
BREAK
041329875
504132987
750413298
875041329
987504132
298750413
329875041
132987504
413298750
BREAK
041723895
504172389
950417238
895041723
389504172
238950417
723895041
172389504
417238950
BREAK
041723985
504172398
850417239
985041723
398504172
239850417
723985041
172398504
417239850
BREAK
041728395
504172839
950417283
395041728
839504172
283950417
728395041
172839504
417283950
BREAK
041728935
504172893
350417289
935041728
893504172
289350417
728935041
172893504
417289350
BREAK
041729385
504172938
850417293
385041729
938504172
293850417
729385041
172938504
417293850
BREAK
041729835
504172983
350417298
835041729
983504172
298350417
729835041
172983504
417298350
BREAK
041823795
504182379
950418237
795041823
379504182
237950418
823795041
182379504
418237950
BREAK
041823975
504182397
750418239
975041823
397504182
239750418
823975041
182397504
418239750
BREAK
041827395
504182739
950418273
395041827
739504182
273950418
827395041
182739504
418273950
BREAK
041827935
504182793
350418279
935041827
793504182
279350418
827935041
182793504
418279350
BREAK
041829375
504182937
750418293
375041829
937504182
293750418
829375041
182937504
418293750
BREAK
041829735
504182973
350418297
735041829
973504182
297350418
829735041
182973504
418297350
BREAK
041923785
504192378
850419237
785041923
378504192
237850419
923785041
192378504
419237850
BREAK
041923875
504192387
750419238
875041923
387504192
238750419
923875041
192387504
419238750
BREAK
041927385
504192738
850419273
385041927
738504192
273850419
927385041
192738504
419273850
BREAK
041927835
504192783
350419278
835041927
783504192
278350419
927835041
192783504
419278350
BREAK
041928375
504192837
750419283
375041928
837504192
283750419
928375041
192837504
419283750
BREAK
041928735
504192873
350419287
735041928
873504192
287350419
928735041
192873504
419287350
BREAK
043127895
504312789
950431278
895043127
789504312
278950431
127895043
312789504
431278950
BREAK
043127985
504312798
850431279
985043127
798504312
279850431
127985043
312798504
431279850
BREAK
043128795
504312879
950431287
795043128
879504312
287950431
128795043
312879504
431287950
BREAK
043128975
504312897
750431289
975043128
897504312
289750431
128975043
312897504
431289750
BREAK
043129785
504312978
850431297
785043129
978504312
297850431
129785043
312978504
431297850
BREAK
043129875
504312987
750431298
875043129
987504312
298750431
129875043
312987504
431298750
BREAK
043721895
504372189
950437218
895043721
189504372
218950437
721895043
372189504
437218950
BREAK
043721985
504372198
850437219
985043721
198504372
219850437
721985043
372198504
437219850
BREAK
043728195
504372819
950437281
195043728
819504372
281950437
728195043
372819504
437281950
BREAK
043728915
504372891
150437289
915043728
891504372
289150437
728915043
372891504
437289150
BREAK
043729185
504372918
850437291
185043729
918504372
291850437
729185043
372918504
437291850
BREAK
043729815
504372981
150437298
815043729
981504372
298150437
729815043
372981504
437298150
BREAK
043821795
504382179
950438217
795043821
179504382
217950438
821795043
382179504
438217950
BREAK
043821975
504382197
750438219
975043821
197504382
219750438
821975043
382197504
438219750
BREAK
043827195
504382719
950438271
195043827
719504382
271950438
827195043
382719504
438271950
BREAK
043827915
504382791
150438279
915043827
791504382
279150438
827915043
382791504
438279150
BREAK
043829175
504382917
750438291
175043829
917504382
291750438
829175043
382917504
438291750
BREAK
043829715
504382971
150438297
715043829
971504382
297150438
829715043
382971504
438297150
BREAK
043921785
504392178
850439217
785043921
178504392
217850439
921785043
392178504
439217850
BREAK
043921875
504392187
750439218
875043921
187504392
218750439
921875043
392187504
439218750
BREAK
043927185
504392718
850439271
185043927
718504392
271850439
927185043
392718504
439271850
BREAK
043927815
504392781
150439278
815043927
781504392
278150439
927815043
392781504
439278150
BREAK
043928175
504392817
750439281
175043928
817504392
281750439
928175043
392817504
439281750
BREAK
043928715
504392871
150439287
715043928
871504392
287150439
928715043
392871504
439287150
BREAK
047123895
504712389
950471238
895047123
389504712
238950471
123895047
712389504
471238950
BREAK
047123985
504712398
850471239
985047123
398504712
239850471
123985047
712398504
471239850
BREAK
047128395
504712839
950471283
395047128
839504712
283950471
128395047
712839504
471283950
BREAK
047128935
504712893
350471289
935047128
893504712
289350471
128935047
712893504
471289350
BREAK
047129385
504712938
850471293
385047129
938504712
293850471
129385047
712938504
471293850
BREAK
047129835
504712983
350471298
835047129
983504712
298350471
129835047
712983504
471298350
BREAK
047321895
504732189
950473218
895047321
189504732
218950473
321895047
732189504
473218950
BREAK
047321985
504732198
850473219
985047321
198504732
219850473
321985047
732198504
473219850
BREAK
047328195
504732819
950473281
195047328
819504732
281950473
328195047
732819504
473281950
BREAK
047328915
504732891
150473289
915047328
891504732
289150473
328915047
732891504
473289150
BREAK
047329185
504732918
850473291
185047329
918504732
291850473
329185047
732918504
473291850
BREAK
047329815
504732981
150473298
815047329
981504732
298150473
329815047
732981504
473298150
BREAK
047821395
504782139
950478213
395047821
139504782
213950478
821395047
782139504
478213950
BREAK
047821935
504782193
350478219
935047821
193504782
219350478
821935047
782193504
478219350
BREAK
047823195
504782319
950478231
195047823
319504782
231950478
823195047
782319504
478231950
BREAK
047823915
504782391
150478239
915047823
391504782
239150478
823915047
782391504
478239150
BREAK
047829135
504782913
350478291
135047829
913504782
291350478
829135047
782913504
478291350
BREAK
047829315
504782931
150478293
315047829
931504782
293150478
829315047
782931504
478293150
BREAK
047921385
504792138
850479213
385047921
138504792
213850479
921385047
792138504
479213850
BREAK
047921835
504792183
350479218
835047921
183504792
218350479
921835047
792183504
479218350
BREAK
047923185
504792318
850479231
185047923
318504792
231850479
923185047
792318504
479231850
BREAK
047923815
504792381
150479238
815047923
381504792
238150479
923815047
792381504
479238150
BREAK
047928135
504792813
350479281
135047928
813504792
281350479
928135047
792813504
479281350
BREAK
047928315
504792831
150479283
315047928
831504792
283150479
928315047
792831504
479283150
BREAK
048123795
504812379
950481237
795048123
379504812
237950481
123795048
812379504
481237950
BREAK
048123975
504812397
750481239
975048123
397504812
239750481
123975048
812397504
481239750
BREAK
048127395
504812739
950481273
395048127
739504812
273950481
127395048
812739504
481273950
BREAK
048127935
504812793
350481279
935048127
793504812
279350481
127935048
812793504
481279350
BREAK
048129375
504812937
750481293
375048129
937504812
293750481
129375048
812937504
481293750
BREAK
048129735
504812973
350481297
735048129
973504812
297350481
129735048
812973504
481297350
BREAK
048321795
504832179
950483217
795048321
179504832
217950483
321795048
832179504
483217950
BREAK
048321975
504832197
750483219
975048321
197504832
219750483
321975048
832197504
483219750
BREAK
048327195
504832719
950483271
195048327
719504832
271950483
327195048
832719504
483271950
BREAK
048327915
504832791
150483279
915048327
791504832
279150483
327915048
832791504
483279150
BREAK
048329175
504832917
750483291
175048329
917504832
291750483
329175048
832917504
483291750
BREAK
048329715
504832971
150483297
715048329
971504832
297150483
329715048
832971504
483297150
BREAK
048721395
504872139
950487213
395048721
139504872
213950487
721395048
872139504
487213950
BREAK
048721935
504872193
350487219
935048721
193504872
219350487
721935048
872193504
487219350
BREAK
048723195
504872319
950487231
195048723
319504872
231950487
723195048
872319504
487231950
BREAK
048723915
504872391
150487239
915048723
391504872
239150487
723915048
872391504
487239150
BREAK
048729135
504872913
350487291
135048729
913504872
291350487
729135048
872913504
487291350
BREAK
048729315
504872931
150487293
315048729
931504872
293150487
729315048
872931504
487293150
BREAK
048921375
504892137
750489213
375048921
137504892
213750489
921375048
892137504
489213750
BREAK
048921735
504892173
350489217
735048921
173504892
217350489
921735048
892173504
489217350
BREAK
048923175
504892317
750489231
175048923
317504892
231750489
923175048
892317504
489231750
BREAK
048923715
504892371
150489237
715048923
371504892
237150489
923715048
892371504
489237150
BREAK
048927135
504892713
350489271
135048927
713504892
271350489
927135048
892713504
489271350
BREAK
048927315
504892731
150489273
315048927
731504892
273150489
927315048
892731504
489273150
BREAK
049123785
504912378
850491237
785049123
378504912
237850491
123785049
912378504
491237850
BREAK
049123875
504912387
750491238
875049123
387504912
238750491
123875049
912387504
491238750
BREAK
049127385
504912738
850491273
385049127
738504912
273850491
127385049
912738504
491273850
BREAK
049127835
504912783
350491278
835049127
783504912
278350491
127835049
912783504
491278350
BREAK
049128375
504912837
750491283
375049128
837504912
283750491
128375049
912837504
491283750
BREAK
049128735
504912873
350491287
735049128
873504912
287350491
128735049
912873504
491287350
BREAK
049321785
504932178
850493217
785049321
178504932
217850493
321785049
932178504
493217850
BREAK
049321875
504932187
750493218
875049321
187504932
218750493
321875049
932187504
493218750
BREAK
049327185
504932718
850493271
185049327
718504932
271850493
327185049
932718504
493271850
BREAK
049327815
504932781
150493278
815049327
781504932
278150493
327815049
932781504
493278150
BREAK
049328175
504932817
750493281
175049328
817504932
281750493
328175049
932817504
493281750
BREAK
049328715
504932871
150493287
715049328
871504932
287150493
328715049
932871504
493287150
BREAK
049721385
504972138
850497213
385049721
138504972
213850497
721385049
972138504
497213850
BREAK
049721835
504972183
350497218
835049721
183504972
218350497
721835049
972183504
497218350
BREAK
049723185
504972318
850497231
185049723
318504972
231850497
723185049
972318504
497231850
BREAK
049723815
504972381
150497238
815049723
381504972
238150497
723815049
972381504
497238150
BREAK
049728135
504972813
350497281
135049728
813504972
281350497
728135049
972813504
497281350
BREAK
049728315
504972831
150497283
315049728
831504972
283150497
728315049
972831504
497283150
BREAK
049821375
504982137
750498213
375049821
137504982
213750498
821375049
982137504
498213750
BREAK
049821735
504982173
350498217
735049821
173504982
217350498
821735049
982173504
498217350
BREAK
049823175
504982317
750498231
175049823
317504982
231750498
823175049
982317504
498231750
BREAK
049823715
504982371
150498237
715049823
371504982
237150498
823715049
982371504
498237150
BREAK
049827135
504982713
350498271
135049827
713504982
271350498
827135049
982713504
498271350
BREAK
049827315
504982731
150498273
315049827
731504982
273150498
827315049
982731504
498273150
BREAK
071324895
507132489
950713248
895071324
489507132
248950713
324895071
132489507
713248950
BREAK
071324985
507132498
850713249
985071324
498507132
249850713
324985071
132498507
713249850
BREAK
071328495
507132849
950713284
495071328
849507132
284950713
328495071
132849507
713284950
BREAK
071328945
507132894
450713289
945071328
894507132
289450713
328945071
132894507
713289450
BREAK
071329485
507132948
850713294
485071329
948507132
294850713
329485071
132948507
713294850
BREAK
071329845
507132984
450713298
845071329
984507132
298450713
329845071
132984507
713298450
BREAK
071423895
507142389
950714238
895071423
389507142
238950714
423895071
142389507
714238950
BREAK
071423985
507142398
850714239
985071423
398507142
239850714
423985071
142398507
714239850
BREAK
071428395
507142839
950714283
395071428
839507142
283950714
428395071
142839507
714283950
BREAK
071428935
507142893
350714289
935071428
893507142
289350714
428935071
142893507
714289350
BREAK
071429385
507142938
850714293
385071429
938507142
293850714
429385071
142938507
714293850
BREAK
071429835
507142983
350714298
835071429
983507142
298350714
429835071
142983507
714298350
BREAK
071823495
507182349
950718234
495071823
349507182
234950718
823495071
182349507
718234950
BREAK
071823945
507182394
450718239
945071823
394507182
239450718
823945071
182394507
718239450
BREAK
071824395
507182439
950718243
395071824
439507182
243950718
824395071
182439507
718243950
BREAK
071824935
507182493
350718249
935071824
493507182
249350718
824935071
182493507
718249350
BREAK
071829345
507182934
450718293
345071829
934507182
293450718
829345071
182934507
718293450
BREAK
071829435
507182943
350718294
435071829
943507182
294350718
829435071
182943507
718294350
BREAK
071923485
507192348
850719234
485071923
348507192
234850719
923485071
192348507
719234850
BREAK
071923845
507192384
450719238
845071923
384507192
238450719
923845071
192384507
719238450
BREAK
071924385
507192438
850719243
385071924
438507192
243850719
924385071
192438507
719243850
BREAK
071924835
507192483
350719248
835071924
483507192
248350719
924835071
192483507
719248350
BREAK
071928345
507192834
450719283
345071928
834507192
283450719
928345071
192834507
719283450
BREAK
071928435
507192843
350719284
435071928
843507192
284350719
928435071
192843507
719284350
BREAK
073124895
507312489
950731248
895073124
489507312
248950731
124895073
312489507
731248950
BREAK
073124985
507312498
850731249
985073124
498507312
249850731
124985073
312498507
731249850
BREAK
073128495
507312849
950731284
495073128
849507312
284950731
128495073
312849507
731284950
BREAK
073128945
507312894
450731289
945073128
894507312
289450731
128945073
312894507
731289450
BREAK
073129485
507312948
850731294
485073129
948507312
294850731
129485073
312948507
731294850
BREAK
073129845
507312984
450731298
845073129
984507312
298450731
129845073
312984507
731298450
BREAK
073421895
507342189
950734218
895073421
189507342
218950734
421895073
342189507
734218950
BREAK
073421985
507342198
850734219
985073421
198507342
219850734
421985073
342198507
734219850
BREAK
073428195
507342819
950734281
195073428
819507342
281950734
428195073
342819507
734281950
BREAK
073428915
507342891
150734289
915073428
891507342
289150734
428915073
342891507
734289150
BREAK
073429185
507342918
850734291
185073429
918507342
291850734
429185073
342918507
734291850
BREAK
073429815
507342981
150734298
815073429
981507342
298150734
429815073
342981507
734298150
BREAK
073821495
507382149
950738214
495073821
149507382
214950738
821495073
382149507
738214950
BREAK
073821945
507382194
450738219
945073821
194507382
219450738
821945073
382194507
738219450
BREAK
073824195
507382419
950738241
195073824
419507382
241950738
824195073
382419507
738241950
BREAK
073824915
507382491
150738249
915073824
491507382
249150738
824915073
382491507
738249150
BREAK
073829145
507382914
450738291
145073829
914507382
291450738
829145073
382914507
738291450
BREAK
073829415
507382941
150738294
415073829
941507382
294150738
829415073
382941507
738294150
BREAK
073921485
507392148
850739214
485073921
148507392
214850739
921485073
392148507
739214850
BREAK
073921845
507392184
450739218
845073921
184507392
218450739
921845073
392184507
739218450
BREAK
073924185
507392418
850739241
185073924
418507392
241850739
924185073
392418507
739241850
BREAK
073924815
507392481
150739248
815073924
481507392
248150739
924815073
392481507
739248150
BREAK
073928145
507392814
450739281
145073928
814507392
281450739
928145073
392814507
739281450
BREAK
073928415
507392841
150739284
415073928
841507392
284150739
928415073
392841507
739284150
BREAK
074123895
507412389
950741238
895074123
389507412
238950741
123895074
412389507
741238950
BREAK
074123985
507412398
850741239
985074123
398507412
239850741
123985074
412398507
741239850
BREAK
074128395
507412839
950741283
395074128
839507412
283950741
128395074
412839507
741283950
BREAK
074128935
507412893
350741289
935074128
893507412
289350741
128935074
412893507
741289350
BREAK
074129385
507412938
850741293
385074129
938507412
293850741
129385074
412938507
741293850
BREAK
074129835
507412983
350741298
835074129
983507412
298350741
129835074
412983507
741298350
BREAK
074321895
507432189
950743218
895074321
189507432
218950743
321895074
432189507
743218950
BREAK
074321985
507432198
850743219
985074321
198507432
219850743
321985074
432198507
743219850
BREAK
074328195
507432819
950743281
195074328
819507432
281950743
328195074
432819507
743281950
BREAK
074328915
507432891
150743289
915074328
891507432
289150743
328915074
432891507
743289150
BREAK
074329185
507432918
850743291
185074329
918507432
291850743
329185074
432918507
743291850
BREAK
074329815
507432981
150743298
815074329
981507432
298150743
329815074
432981507
743298150
BREAK
074821395
507482139
950748213
395074821
139507482
213950748
821395074
482139507
748213950
BREAK
074821935
507482193
350748219
935074821
193507482
219350748
821935074
482193507
748219350
BREAK
074823195
507482319
950748231
195074823
319507482
231950748
823195074
482319507
748231950
BREAK
074823915
507482391
150748239
915074823
391507482
239150748
823915074
482391507
748239150
BREAK
074829135
507482913
350748291
135074829
913507482
291350748
829135074
482913507
748291350
BREAK
074829315
507482931
150748293
315074829
931507482
293150748
829315074
482931507
748293150
BREAK
074921385
507492138
850749213
385074921
138507492
213850749
921385074
492138507
749213850
BREAK
074921835
507492183
350749218
835074921
183507492
218350749
921835074
492183507
749218350
BREAK
074923185
507492318
850749231
185074923
318507492
231850749
923185074
492318507
749231850
BREAK
074923815
507492381
150749238
815074923
381507492
238150749
923815074
492381507
749238150
BREAK
074928135
507492813
350749281
135074928
813507492
281350749
928135074
492813507
749281350
BREAK
074928315
507492831
150749283
315074928
831507492
283150749
928315074
492831507
749283150
BREAK
078123495
507812349
950781234
495078123
349507812
234950781
123495078
812349507
781234950
BREAK
078123945
507812394
450781239
945078123
394507812
239450781
123945078
812394507
781239450
BREAK
078124395
507812439
950781243
395078124
439507812
243950781
124395078
812439507
781243950
BREAK
078124935
507812493
350781249
935078124
493507812
249350781
124935078
812493507
781249350
BREAK
078129345
507812934
450781293
345078129
934507812
293450781
129345078
812934507
781293450
BREAK
078129435
507812943
350781294
435078129
943507812
294350781
129435078
812943507
781294350
BREAK
078321495
507832149
950783214
495078321
149507832
214950783
321495078
832149507
783214950
BREAK
078321945
507832194
450783219
945078321
194507832
219450783
321945078
832194507
783219450
BREAK
078324195
507832419
950783241
195078324
419507832
241950783
324195078
832419507
783241950
BREAK
078324915
507832491
150783249
915078324
491507832
249150783
324915078
832491507
783249150
BREAK
078329145
507832914
450783291
145078329
914507832
291450783
329145078
832914507
783291450
BREAK
078329415
507832941
150783294
415078329
941507832
294150783
329415078
832941507
783294150
BREAK
078421395
507842139
950784213
395078421
139507842
213950784
421395078
842139507
784213950
BREAK
078421935
507842193
350784219
935078421
193507842
219350784
421935078
842193507
784219350
BREAK
078423195
507842319
950784231
195078423
319507842
231950784
423195078
842319507
784231950
BREAK
078423915
507842391
150784239
915078423
391507842
239150784
423915078
842391507
784239150
BREAK
078429135
507842913
350784291
135078429
913507842
291350784
429135078
842913507
784291350
BREAK
078429315
507842931
150784293
315078429
931507842
293150784
429315078
842931507
784293150
BREAK
078921345
507892134
450789213
345078921
134507892
213450789
921345078
892134507
789213450
BREAK
078921435
507892143
350789214
435078921
143507892
214350789
921435078
892143507
789214350
BREAK
078923145
507892314
450789231
145078923
314507892
231450789
923145078
892314507
789231450
BREAK
078923415
507892341
150789234
415078923
341507892
234150789
923415078
892341507
789234150
BREAK
078924135
507892413
350789241
135078924
413507892
241350789
924135078
892413507
789241350
BREAK
078924315
507892431
150789243
315078924
431507892
243150789
924315078
892431507
789243150
BREAK
079123485
507912348
850791234
485079123
348507912
234850791
123485079
912348507
791234850
BREAK
079123845
507912384
450791238
845079123
384507912
238450791
123845079
912384507
791238450
BREAK
079124385
507912438
850791243
385079124
438507912
243850791
124385079
912438507
791243850
BREAK
079124835
507912483
350791248
835079124
483507912
248350791
124835079
912483507
791248350
BREAK
079128345
507912834
450791283
345079128
834507912
283450791
128345079
912834507
791283450
BREAK
079128435
507912843
350791284
435079128
843507912
284350791
128435079
912843507
791284350
BREAK
079321485
507932148
850793214
485079321
148507932
214850793
321485079
932148507
793214850
BREAK
079321845
507932184
450793218
845079321
184507932
218450793
321845079
932184507
793218450
BREAK
079324185
507932418
850793241
185079324
418507932
241850793
324185079
932418507
793241850
BREAK
079324815
507932481
150793248
815079324
481507932
248150793
324815079
932481507
793248150
BREAK
079328145
507932814
450793281
145079328
814507932
281450793
328145079
932814507
793281450
BREAK
079328415
507932841
150793284
415079328
841507932
284150793
328415079
932841507
793284150
BREAK
079421385
507942138
850794213
385079421
138507942
213850794
421385079
942138507
794213850
BREAK
079421835
507942183
350794218
835079421
183507942
218350794
421835079
942183507
794218350
BREAK
079423185
507942318
850794231
185079423
318507942
231850794
423185079
942318507
794231850
BREAK
079423815
507942381
150794238
815079423
381507942
238150794
423815079
942381507
794238150
BREAK
079428135
507942813
350794281
135079428
813507942
281350794
428135079
942813507
794281350
BREAK
079428315
507942831
150794283
315079428
831507942
283150794
428315079
942831507
794283150
BREAK
079821345
507982134
450798213
345079821
134507982
213450798
821345079
982134507
798213450
BREAK
079821435
507982143
350798214
435079821
143507982
214350798
821435079
982143507
798214350
BREAK
079823145
507982314
450798231
145079823
314507982
231450798
823145079
982314507
798231450
BREAK
079823415
507982341
150798234
415079823
341507982
234150798
823415079
982341507
798234150
BREAK
079824135
507982413
350798241
135079824
413507982
241350798
824135079
982413507
798241350
BREAK
079824315
507982431
150798243
315079824
431507982
243150798
824315079
982431507
798243150
BREAK
081324795
508132479
950813247
795081324
479508132
247950813
324795081
132479508
813247950
BREAK
081324975
508132497
750813249
975081324
497508132
249750813
324975081
132497508
813249750
BREAK
081327495
508132749
950813274
495081327
749508132
274950813
327495081
132749508
813274950
BREAK
081327945
508132794
450813279
945081327
794508132
279450813
327945081
132794508
813279450
BREAK
081329475
508132947
750813294
475081329
947508132
294750813
329475081
132947508
813294750
BREAK
081329745
508132974
450813297
745081329
974508132
297450813
329745081
132974508
813297450
BREAK
081423795
508142379
950814237
795081423
379508142
237950814
423795081
142379508
814237950
BREAK
081423975
508142397
750814239
975081423
397508142
239750814
423975081
142397508
814239750
BREAK
081427395
508142739
950814273
395081427
739508142
273950814
427395081
142739508
814273950
BREAK
081427935
508142793
350814279
935081427
793508142
279350814
427935081
142793508
814279350
BREAK
081429375
508142937
750814293
375081429
937508142
293750814
429375081
142937508
814293750
BREAK
081429735
508142973
350814297
735081429
973508142
297350814
429735081
142973508
814297350
BREAK
081723495
508172349
950817234
495081723
349508172
234950817
723495081
172349508
817234950
BREAK
081723945
508172394
450817239
945081723
394508172
239450817
723945081
172394508
817239450
BREAK
081724395
508172439
950817243
395081724
439508172
243950817
724395081
172439508
817243950
BREAK
081724935
508172493
350817249
935081724
493508172
249350817
724935081
172493508
817249350
BREAK
081729345
508172934
450817293
345081729
934508172
293450817
729345081
172934508
817293450
BREAK
081729435
508172943
350817294
435081729
943508172
294350817
729435081
172943508
817294350
BREAK
081923475
508192347
750819234
475081923
347508192
234750819
923475081
192347508
819234750
BREAK
081923745
508192374
450819237
745081923
374508192
237450819
923745081
192374508
819237450
BREAK
081924375
508192437
750819243
375081924
437508192
243750819
924375081
192437508
819243750
BREAK
081924735
508192473
350819247
735081924
473508192
247350819
924735081
192473508
819247350
BREAK
081927345
508192734
450819273
345081927
734508192
273450819
927345081
192734508
819273450
BREAK
081927435
508192743
350819274
435081927
743508192
274350819
927435081
192743508
819274350
BREAK
083124795
508312479
950831247
795083124
479508312
247950831
124795083
312479508
831247950
BREAK
083124975
508312497
750831249
975083124
497508312
249750831
124975083
312497508
831249750
BREAK
083127495
508312749
950831274
495083127
749508312
274950831
127495083
312749508
831274950
BREAK
083127945
508312794
450831279
945083127
794508312
279450831
127945083
312794508
831279450
BREAK
083129475
508312947
750831294
475083129
947508312
294750831
129475083
312947508
831294750
BREAK
083129745
508312974
450831297
745083129
974508312
297450831
129745083
312974508
831297450
BREAK
083421795
508342179
950834217
795083421
179508342
217950834
421795083
342179508
834217950
BREAK
083421975
508342197
750834219
975083421
197508342
219750834
421975083
342197508
834219750
BREAK
083427195
508342719
950834271
195083427
719508342
271950834
427195083
342719508
834271950
BREAK
083427915
508342791
150834279
915083427
791508342
279150834
427915083
342791508
834279150
BREAK
083429175
508342917
750834291
175083429
917508342
291750834
429175083
342917508
834291750
BREAK
083429715
508342971
150834297
715083429
971508342
297150834
429715083
342971508
834297150
BREAK
083721495
508372149
950837214
495083721
149508372
214950837
721495083
372149508
837214950
BREAK
083721945
508372194
450837219
945083721
194508372
219450837
721945083
372194508
837219450
BREAK
083724195
508372419
950837241
195083724
419508372
241950837
724195083
372419508
837241950
BREAK
083724915
508372491
150837249
915083724
491508372
249150837
724915083
372491508
837249150
BREAK
083729145
508372914
450837291
145083729
914508372
291450837
729145083
372914508
837291450
BREAK
083729415
508372941
150837294
415083729
941508372
294150837
729415083
372941508
837294150
BREAK
083921475
508392147
750839214
475083921
147508392
214750839
921475083
392147508
839214750
BREAK
083921745
508392174
450839217
745083921
174508392
217450839
921745083
392174508
839217450
BREAK
083924175
508392417
750839241
175083924
417508392
241750839
924175083
392417508
839241750
BREAK
083924715
508392471
150839247
715083924
471508392
247150839
924715083
392471508
839247150
BREAK
083927145
508392714
450839271
145083927
714508392
271450839
927145083
392714508
839271450
BREAK
083927415
508392741
150839274
415083927
741508392
274150839
927415083
392741508
839274150
BREAK
084123795
508412379
950841237
795084123
379508412
237950841
123795084
412379508
841237950
BREAK
084123975
508412397
750841239
975084123
397508412
239750841
123975084
412397508
841239750
BREAK
084127395
508412739
950841273
395084127
739508412
273950841
127395084
412739508
841273950
BREAK
084127935
508412793
350841279
935084127
793508412
279350841
127935084
412793508
841279350
BREAK
084129375
508412937
750841293
375084129
937508412
293750841
129375084
412937508
841293750
BREAK
084129735
508412973
350841297
735084129
973508412
297350841
129735084
412973508
841297350
BREAK
084321795
508432179
950843217
795084321
179508432
217950843
321795084
432179508
843217950
BREAK
084321975
508432197
750843219
975084321
197508432
219750843
321975084
432197508
843219750
BREAK
084327195
508432719
950843271
195084327
719508432
271950843
327195084
432719508
843271950
BREAK
084327915
508432791
150843279
915084327
791508432
279150843
327915084
432791508
843279150
BREAK
084329175
508432917
750843291
175084329
917508432
291750843
329175084
432917508
843291750
BREAK
084329715
508432971
150843297
715084329
971508432
297150843
329715084
432971508
843297150
BREAK
084721395
508472139
950847213
395084721
139508472
213950847
721395084
472139508
847213950
BREAK
084721935
508472193
350847219
935084721
193508472
219350847
721935084
472193508
847219350
BREAK
084723195
508472319
950847231
195084723
319508472
231950847
723195084
472319508
847231950
BREAK
084723915
508472391
150847239
915084723
391508472
239150847
723915084
472391508
847239150
BREAK
084729135
508472913
350847291
135084729
913508472
291350847
729135084
472913508
847291350
BREAK
084729315
508472931
150847293
315084729
931508472
293150847
729315084
472931508
847293150
BREAK
084921375
508492137
750849213
375084921
137508492
213750849
921375084
492137508
849213750
BREAK
084921735
508492173
350849217
735084921
173508492
217350849
921735084
492173508
849217350
BREAK
084923175
508492317
750849231
175084923
317508492
231750849
923175084
492317508
849231750
BREAK
084923715
508492371
150849237
715084923
371508492
237150849
923715084
492371508
849237150
BREAK
084927135
508492713
350849271
135084927
713508492
271350849
927135084
492713508
849271350
BREAK
084927315
508492731
150849273
315084927
731508492
273150849
927315084
492731508
849273150
BREAK
087123495
508712349
950871234
495087123
349508712
234950871
123495087
712349508
871234950
BREAK
087123945
508712394
450871239
945087123
394508712
239450871
123945087
712394508
871239450
BREAK
087124395
508712439
950871243
395087124
439508712
243950871
124395087
712439508
871243950
BREAK
087124935
508712493
350871249
935087124
493508712
249350871
124935087
712493508
871249350
BREAK
087129345
508712934
450871293
345087129
934508712
293450871
129345087
712934508
871293450
BREAK
087129435
508712943
350871294
435087129
943508712
294350871
129435087
712943508
871294350
BREAK
087321495
508732149
950873214
495087321
149508732
214950873
321495087
732149508
873214950
BREAK
087321945
508732194
450873219
945087321
194508732
219450873
321945087
732194508
873219450
BREAK
087324195
508732419
950873241
195087324
419508732
241950873
324195087
732419508
873241950
BREAK
087324915
508732491
150873249
915087324
491508732
249150873
324915087
732491508
873249150
BREAK
087329145
508732914
450873291
145087329
914508732
291450873
329145087
732914508
873291450
BREAK
087329415
508732941
150873294
415087329
941508732
294150873
329415087
732941508
873294150
BREAK
087421395
508742139
950874213
395087421
139508742
213950874
421395087
742139508
874213950
BREAK
087421935
508742193
350874219
935087421
193508742
219350874
421935087
742193508
874219350
BREAK
087423195
508742319
950874231
195087423
319508742
231950874
423195087
742319508
874231950
BREAK
087423915
508742391
150874239
915087423
391508742
239150874
423915087
742391508
874239150
BREAK
087429135
508742913
350874291
135087429
913508742
291350874
429135087
742913508
874291350
BREAK
087429315
508742931
150874293
315087429
931508742
293150874
429315087
742931508
874293150
BREAK
087921345
508792134
450879213
345087921
134508792
213450879
921345087
792134508
879213450
BREAK
087921435
508792143
350879214
435087921
143508792
214350879
921435087
792143508
879214350
BREAK
087923145
508792314
450879231
145087923
314508792
231450879
923145087
792314508
879231450
BREAK
087923415
508792341
150879234
415087923
341508792
234150879
923415087
792341508
879234150
BREAK
087924135
508792413
350879241
135087924
413508792
241350879
924135087
792413508
879241350
BREAK
087924315
508792431
150879243
315087924
431508792
243150879
924315087
792431508
879243150
BREAK
089123475
508912347
750891234
475089123
347508912
234750891
123475089
912347508
891234750
BREAK
089123745
508912374
450891237
745089123
374508912
237450891
123745089
912374508
891237450
BREAK
089124375
508912437
750891243
375089124
437508912
243750891
124375089
912437508
891243750
BREAK
089124735
508912473
350891247
735089124
473508912
247350891
124735089
912473508
891247350
BREAK
089127345
508912734
450891273
345089127
734508912
273450891
127345089
912734508
891273450
BREAK
089127435
508912743
350891274
435089127
743508912
274350891
127435089
912743508
891274350
BREAK
089321475
508932147
750893214
475089321
147508932
214750893
321475089
932147508
893214750
BREAK
089321745
508932174
450893217
745089321
174508932
217450893
321745089
932174508
893217450
BREAK
089324175
508932417
750893241
175089324
417508932
241750893
324175089
932417508
893241750
BREAK
089324715
508932471
150893247
715089324
471508932
247150893
324715089
932471508
893247150
BREAK
089327145
508932714
450893271
145089327
714508932
271450893
327145089
932714508
893271450
BREAK
089327415
508932741
150893274
415089327
741508932
274150893
327415089
932741508
893274150
BREAK
089421375
508942137
750894213
375089421
137508942
213750894
421375089
942137508
894213750
BREAK
089421735
508942173
350894217
735089421
173508942
217350894
421735089
942173508
894217350
BREAK
089423175
508942317
750894231
175089423
317508942
231750894
423175089
942317508
894231750
BREAK
089423715
508942371
150894237
715089423
371508942
237150894
423715089
942371508
894237150
BREAK
089427135
508942713
350894271
135089427
713508942
271350894
427135089
942713508
894271350
BREAK
089427315
508942731
150894273
315089427
731508942
273150894
427315089
942731508
894273150
BREAK
089721345
508972134
450897213
345089721
134508972
213450897
721345089
972134508
897213450
BREAK
089721435
508972143
350897214
435089721
143508972
214350897
721435089
972143508
897214350
BREAK
089723145
508972314
450897231
145089723
314508972
231450897
723145089
972314508
897231450
BREAK
089723415
508972341
150897234
415089723
341508972
234150897
723415089
972341508
897234150
BREAK
089724135
508972413
350897241
135089724
413508972
241350897
724135089
972413508
897241350
BREAK
089724315
508972431
150897243
315089724
431508972
243150897
724315089
972431508
897243150
BREAK
091324785
509132478
850913247
785091324
478509132
247850913
324785091
132478509
913247850
BREAK
091324875
509132487
750913248
875091324
487509132
248750913
324875091
132487509
913248750
BREAK
091327485
509132748
850913274
485091327
748509132
274850913
327485091
132748509
913274850
BREAK
091327845
509132784
450913278
845091327
784509132
278450913
327845091
132784509
913278450
BREAK
091328475
509132847
750913284
475091328
847509132
284750913
328475091
132847509
913284750
BREAK
091328745
509132874
450913287
745091328
874509132
287450913
328745091
132874509
913287450
BREAK
091423785
509142378
850914237
785091423
378509142
237850914
423785091
142378509
914237850
BREAK
091423875
509142387
750914238
875091423
387509142
238750914
423875091
142387509
914238750
BREAK
091427385
509142738
850914273
385091427
738509142
273850914
427385091
142738509
914273850
BREAK
091427835
509142783
350914278
835091427
783509142
278350914
427835091
142783509
914278350
BREAK
091428375
509142837
750914283
375091428
837509142
283750914
428375091
142837509
914283750
BREAK
091428735
509142873
350914287
735091428
873509142
287350914
428735091
142873509
914287350
BREAK
091723485
509172348
850917234
485091723
348509172
234850917
723485091
172348509
917234850
BREAK
091723845
509172384
450917238
845091723
384509172
238450917
723845091
172384509
917238450
BREAK
091724385
509172438
850917243
385091724
438509172
243850917
724385091
172438509
917243850
BREAK
091724835
509172483
350917248
835091724
483509172
248350917
724835091
172483509
917248350
BREAK
091728345
509172834
450917283
345091728
834509172
283450917
728345091
172834509
917283450
BREAK
091728435
509172843
350917284
435091728
843509172
284350917
728435091
172843509
917284350
BREAK
091823475
509182347
750918234
475091823
347509182
234750918
823475091
182347509
918234750
BREAK
091823745
509182374
450918237
745091823
374509182
237450918
823745091
182374509
918237450
BREAK
091824375
509182437
750918243
375091824
437509182
243750918
824375091
182437509
918243750
BREAK
091824735
509182473
350918247
735091824
473509182
247350918
824735091
182473509
918247350
BREAK
091827345
509182734
450918273
345091827
734509182
273450918
827345091
182734509
918273450
BREAK
091827435
509182743
350918274
435091827
743509182
274350918
827435091
182743509
918274350
BREAK
093124785
509312478
850931247
785093124
478509312
247850931
124785093
312478509
931247850
BREAK
093124875
509312487
750931248
875093124
487509312
248750931
124875093
312487509
931248750
BREAK
093127485
509312748
850931274
485093127
748509312
274850931
127485093
312748509
931274850
BREAK
093127845
509312784
450931278
845093127
784509312
278450931
127845093
312784509
931278450
BREAK
093128475
509312847
750931284
475093128
847509312
284750931
128475093
312847509
931284750
BREAK
093128745
509312874
450931287
745093128
874509312
287450931
128745093
312874509
931287450
BREAK
093421785
509342178
850934217
785093421
178509342
217850934
421785093
342178509
934217850
BREAK
093421875
509342187
750934218
875093421
187509342
218750934
421875093
342187509
934218750
BREAK
093427185
509342718
850934271
185093427
718509342
271850934
427185093
342718509
934271850
BREAK
093427815
509342781
150934278
815093427
781509342
278150934
427815093
342781509
934278150
BREAK
093428175
509342817
750934281
175093428
817509342
281750934
428175093
342817509
934281750
BREAK
093428715
509342871
150934287
715093428
871509342
287150934
428715093
342871509
934287150
BREAK
093721485
509372148
850937214
485093721
148509372
214850937
721485093
372148509
937214850
BREAK
093721845
509372184
450937218
845093721
184509372
218450937
721845093
372184509
937218450
BREAK
093724185
509372418
850937241
185093724
418509372
241850937
724185093
372418509
937241850
BREAK
093724815
509372481
150937248
815093724
481509372
248150937
724815093
372481509
937248150
BREAK
093728145
509372814
450937281
145093728
814509372
281450937
728145093
372814509
937281450
BREAK
093728415
509372841
150937284
415093728
841509372
284150937
728415093
372841509
937284150
BREAK
093821475
509382147
750938214
475093821
147509382
214750938
821475093
382147509
938214750
BREAK
093821745
509382174
450938217
745093821
174509382
217450938
821745093
382174509
938217450
BREAK
093824175
509382417
750938241
175093824
417509382
241750938
824175093
382417509
938241750
BREAK
093824715
509382471
150938247
715093824
471509382
247150938
824715093
382471509
938247150
BREAK
093827145
509382714
450938271
145093827
714509382
271450938
827145093
382714509
938271450
BREAK
093827415
509382741
150938274
415093827
741509382
274150938
827415093
382741509
938274150
BREAK
094123785
509412378
850941237
785094123
378509412
237850941
123785094
412378509
941237850
BREAK
094123875
509412387
750941238
875094123
387509412
238750941
123875094
412387509
941238750
BREAK
094127385
509412738
850941273
385094127
738509412
273850941
127385094
412738509
941273850
BREAK
094127835
509412783
350941278
835094127
783509412
278350941
127835094
412783509
941278350
BREAK
094128375
509412837
750941283
375094128
837509412
283750941
128375094
412837509
941283750
BREAK
094128735
509412873
350941287
735094128
873509412
287350941
128735094
412873509
941287350
BREAK
094321785
509432178
850943217
785094321
178509432
217850943
321785094
432178509
943217850
BREAK
094321875
509432187
750943218
875094321
187509432
218750943
321875094
432187509
943218750
BREAK
094327185
509432718
850943271
185094327
718509432
271850943
327185094
432718509
943271850
BREAK
094327815
509432781
150943278
815094327
781509432
278150943
327815094
432781509
943278150
BREAK
094328175
509432817
750943281
175094328
817509432
281750943
328175094
432817509
943281750
BREAK
094328715
509432871
150943287
715094328
871509432
287150943
328715094
432871509
943287150
BREAK
094721385
509472138
850947213
385094721
138509472
213850947
721385094
472138509
947213850
BREAK
094721835
509472183
350947218
835094721
183509472
218350947
721835094
472183509
947218350
BREAK
094723185
509472318
850947231
185094723
318509472
231850947
723185094
472318509
947231850
BREAK
094723815
509472381
150947238
815094723
381509472
238150947
723815094
472381509
947238150
BREAK
094728135
509472813
350947281
135094728
813509472
281350947
728135094
472813509
947281350
BREAK
094728315
509472831
150947283
315094728
831509472
283150947
728315094
472831509
947283150
BREAK
094821375
509482137
750948213
375094821
137509482
213750948
821375094
482137509
948213750
BREAK
094821735
509482173
350948217
735094821
173509482
217350948
821735094
482173509
948217350
BREAK
094823175
509482317
750948231
175094823
317509482
231750948
823175094
482317509
948231750
BREAK
094823715
509482371
150948237
715094823
371509482
237150948
823715094
482371509
948237150
BREAK
094827135
509482713
350948271
135094827
713509482
271350948
827135094
482713509
948271350
BREAK
094827315
509482731
150948273
315094827
731509482
273150948
827315094
482731509
948273150
BREAK
097123485
509712348
850971234
485097123
348509712
234850971
123485097
712348509
971234850
BREAK
097123845
509712384
450971238
845097123
384509712
238450971
123845097
712384509
971238450
BREAK
097124385
509712438
850971243
385097124
438509712
243850971
124385097
712438509
971243850
BREAK
097124835
509712483
350971248
835097124
483509712
248350971
124835097
712483509
971248350
BREAK
097128345
509712834
450971283
345097128
834509712
283450971
128345097
712834509
971283450
BREAK
097128435
509712843
350971284
435097128
843509712
284350971
128435097
712843509
971284350
BREAK
097321485
509732148
850973214
485097321
148509732
214850973
321485097
732148509
973214850
BREAK
097321845
509732184
450973218
845097321
184509732
218450973
321845097
732184509
973218450
BREAK
097324185
509732418
850973241
185097324
418509732
241850973
324185097
732418509
973241850
BREAK
097324815
509732481
150973248
815097324
481509732
248150973
324815097
732481509
973248150
BREAK
097328145
509732814
450973281
145097328
814509732
281450973
328145097
732814509
973281450
BREAK
097328415
509732841
150973284
415097328
841509732
284150973
328415097
732841509
973284150
BREAK
097421385
509742138
850974213
385097421
138509742
213850974
421385097
742138509
974213850
BREAK
097421835
509742183
350974218
835097421
183509742
218350974
421835097
742183509
974218350
BREAK
097423185
509742318
850974231
185097423
318509742
231850974
423185097
742318509
974231850
BREAK
097423815
509742381
150974238
815097423
381509742
238150974
423815097
742381509
974238150
BREAK
097428135
509742813
350974281
135097428
813509742
281350974
428135097
742813509
974281350
BREAK
097428315
509742831
150974283
315097428
831509742
283150974
428315097
742831509
974283150
BREAK
097821345
509782134
450978213
345097821
134509782
213450978
821345097
782134509
978213450
BREAK
097821435
509782143
350978214
435097821
143509782
214350978
821435097
782143509
978214350
BREAK
097823145
509782314
450978231
145097823
314509782
231450978
823145097
782314509
978231450
BREAK
097823415
509782341
150978234
415097823
341509782
234150978
823415097
782341509
978234150
BREAK
097824135
509782413
350978241
135097824
413509782
241350978
824135097
782413509
978241350
BREAK
097824315
509782431
150978243
315097824
431509782
243150978
824315097
782431509
978243150
BREAK
098123475
509812347
750981234
475098123
347509812
234750981
123475098
812347509
981234750
BREAK
098123745
509812374
450981237
745098123
374509812
237450981
123745098
812374509
981237450
BREAK
098124375
509812437
750981243
375098124
437509812
243750981
124375098
812437509
981243750
BREAK
098124735
509812473
350981247
735098124
473509812
247350981
124735098
812473509
981247350
BREAK
098127345
509812734
450981273
345098127
734509812
273450981
127345098
812734509
981273450
BREAK
098127435
509812743
350981274
435098127
743509812
274350981
127435098
812743509
981274350
BREAK
098321475
509832147
750983214
475098321
147509832
214750983
321475098
832147509
983214750
BREAK
098321745
509832174
450983217
745098321
174509832
217450983
321745098
832174509
983217450
BREAK
098324175
509832417
750983241
175098324
417509832
241750983
324175098
832417509
983241750
BREAK
098324715
509832471
150983247
715098324
471509832
247150983
324715098
832471509
983247150
BREAK
098327145
509832714
450983271
145098327
714509832
271450983
327145098
832714509
983271450
BREAK
098327415
509832741
150983274
415098327
741509832
274150983
327415098
832741509
983274150
BREAK
098421375
509842137
750984213
375098421
137509842
213750984
421375098
842137509
984213750
BREAK
098421735
509842173
350984217
735098421
173509842
217350984
421735098
842173509
984217350
BREAK
098423175
509842317
750984231
175098423
317509842
231750984
423175098
842317509
984231750
BREAK
098423715
509842371
150984237
715098423
371509842
237150984
423715098
842371509
984237150
BREAK
098427135
509842713
350984271
135098427
713509842
271350984
427135098
842713509
984271350
BREAK
098427315
509842731
150984273
315098427
731509842
273150984
427315098
842731509
984273150
BREAK
098721345
509872134
450987213
345098721
134509872
213450987
721345098
872134509
987213450
BREAK
098721435
509872143
350987214
435098721
143509872
214350987
721435098
872143509
987214350
BREAK
098723145
509872314
450987231
145098723
314509872
231450987
723145098
872314509
987231450
BREAK
098723415
509872341
150987234
415098723
341509872
234150987
723415098
872341509
987234150
BREAK
098724135
509872413
350987241
135098724
413509872
241350987
724135098
872413509
987241350
BREAK
098724315
509872431
150987243
315098724
431509872
243150987
724315098
872431509
987243150
