BREAK
013426895
501342689
950134268
895013426
689501342
268950134
426895013
342689501
134268950
BREAK
013426985
501342698
850134269
985013426
698501342
269850134
426985013
342698501
134269850
BREAK
013428695
501342869
950134286
695013428
869501342
286950134
428695013
342869501
134286950
BREAK
013428965
501342896
650134289
965013428
896501342
289650134
428965013
342896501
134289650
BREAK
013429685
501342968
850134296
685013429
968501342
296850134
429685013
342968501
134296850
BREAK
013429865
501342986
650134298
865013429
986501342
298650134
429865013
342986501
134298650
BREAK
013624895
501362489
950136248
895013624
489501362
248950136
624895013
362489501
136248950
BREAK
013624985
501362498
850136249
985013624
498501362
249850136
624985013
362498501
136249850
BREAK
013628495
501362849
950136284
495013628
849501362
284950136
628495013
362849501
136284950
BREAK
013628945
501362894
450136289
945013628
894501362
289450136
628945013
362894501
136289450
BREAK
013629485
501362948
850136294
485013629
948501362
294850136
629485013
362948501
136294850
BREAK
013629845
501362984
450136298
845013629
984501362
298450136
629845013
362984501
136298450
BREAK
013824695
501382469
950138246
695013824
469501382
246950138
824695013
382469501
138246950
BREAK
013824965
501382496
650138249
965013824
496501382
249650138
824965013
382496501
138249650
BREAK
013826495
501382649
950138264
495013826
649501382
264950138
826495013
382649501
138264950
BREAK
013826945
501382694
450138269
945013826
694501382
269450138
826945013
382694501
138269450
BREAK
013829465
501382946
650138294
465013829
946501382
294650138
829465013
382946501
138294650
BREAK
013829645
501382964
450138296
645013829
964501382
296450138
829645013
382964501
138296450
BREAK
013924685
501392468
850139246
685013924
468501392
246850139
924685013
392468501
139246850
BREAK
013924865
501392486
650139248
865013924
486501392
248650139
924865013
392486501
139248650
BREAK
013926485
501392648
850139264
485013926
648501392
264850139
926485013
392648501
139264850
BREAK
013926845
501392684
450139268
845013926
684501392
268450139
926845013
392684501
139268450
BREAK
013928465
501392846
650139284
465013928
846501392
284650139
928465013
392846501
139284650
BREAK
013928645
501392864
450139286
645013928
864501392
286450139
928645013
392864501
139286450
BREAK
014326895
501432689
950143268
895014326
689501432
268950143
326895014
432689501
143268950
BREAK
014326985
501432698
850143269
985014326
698501432
269850143
326985014
432698501
143269850
BREAK
014328695
501432869
950143286
695014328
869501432
286950143
328695014
432869501
143286950
BREAK
014328965
501432896
650143289
965014328
896501432
289650143
328965014
432896501
143289650
BREAK
014329685
501432968
850143296
685014329
968501432
296850143
329685014
432968501
143296850
BREAK
014329865
501432986
650143298
865014329
986501432
298650143
329865014
432986501
143298650
BREAK
014623895
501462389
950146238
895014623
389501462
238950146
623895014
462389501
146238950
BREAK
014623985
501462398
850146239
985014623
398501462
239850146
623985014
462398501
146239850
BREAK
014628395
501462839
950146283
395014628
839501462
283950146
628395014
462839501
146283950
BREAK
014628935
501462893
350146289
935014628
893501462
289350146
628935014
462893501
146289350
BREAK
014629385
501462938
850146293
385014629
938501462
293850146
629385014
462938501
146293850
BREAK
014629835
501462983
350146298
835014629
983501462
298350146
629835014
462983501
146298350
BREAK
014823695
501482369
950148236
695014823
369501482
236950148
823695014
482369501
148236950
BREAK
014823965
501482396
650148239
965014823
396501482
239650148
823965014
482396501
148239650
BREAK
014826395
501482639
950148263
395014826
639501482
263950148
826395014
482639501
148263950
BREAK
014826935
501482693
350148269
935014826
693501482
269350148
826935014
482693501
148269350
BREAK
014829365
501482936
650148293
365014829
936501482
293650148
829365014
482936501
148293650
BREAK
014829635
501482963
350148296
635014829
963501482
296350148
829635014
482963501
148296350
BREAK
014923685
501492368
850149236
685014923
368501492
236850149
923685014
492368501
149236850
BREAK
014923865
501492386
650149238
865014923
386501492
238650149
923865014
492386501
149238650
BREAK
014926385
501492638
850149263
385014926
638501492
263850149
926385014
492638501
149263850
BREAK
014926835
501492683
350149268
835014926
683501492
268350149
926835014
492683501
149268350
BREAK
014928365
501492836
650149283
365014928
836501492
283650149
928365014
492836501
149283650
BREAK
014928635
501492863
350149286
635014928
863501492
286350149
928635014
492863501
149286350
BREAK
016324895
501632489
950163248
895016324
489501632
248950163
324895016
632489501
163248950
BREAK
016324985
501632498
850163249
985016324
498501632
249850163
324985016
632498501
163249850
BREAK
016328495
501632849
950163284
495016328
849501632
284950163
328495016
632849501
163284950
BREAK
016328945
501632894
450163289
945016328
894501632
289450163
328945016
632894501
163289450
BREAK
016329485
501632948
850163294
485016329
948501632
294850163
329485016
632948501
163294850
BREAK
016329845
501632984
450163298
845016329
984501632
298450163
329845016
632984501
163298450
BREAK
016423895
501642389
950164238
895016423
389501642
238950164
423895016
642389501
164238950
BREAK
016423985
501642398
850164239
985016423
398501642
239850164
423985016
642398501
164239850
BREAK
016428395
501642839
950164283
395016428
839501642
283950164
428395016
642839501
164283950
BREAK
016428935
501642893
350164289
935016428
893501642
289350164
428935016
642893501
164289350
BREAK
016429385
501642938
850164293
385016429
938501642
293850164
429385016
642938501
164293850
BREAK
016429835
501642983
350164298
835016429
983501642
298350164
429835016
642983501
164298350
BREAK
016823495
501682349
950168234
495016823
349501682
234950168
823495016
682349501
168234950
BREAK
016823945
501682394
450168239
945016823
394501682
239450168
823945016
682394501
168239450
BREAK
016824395
501682439
950168243
395016824
439501682
243950168
824395016
682439501
168243950
BREAK
016824935
501682493
350168249
935016824
493501682
249350168
824935016
682493501
168249350
BREAK
016829345
501682934
450168293
345016829
934501682
293450168
829345016
682934501
168293450
BREAK
016829435
501682943
350168294
435016829
943501682
294350168
829435016
682943501
168294350
BREAK
016923485
501692348
850169234
485016923
348501692
234850169
923485016
692348501
169234850
BREAK
016923845
501692384
450169238
845016923
384501692
238450169
923845016
692384501
169238450
BREAK
016924385
501692438
850169243
385016924
438501692
243850169
924385016
692438501
169243850
BREAK
016924835
501692483
350169248
835016924
483501692
248350169
924835016
692483501
169248350
BREAK
016928345
501692834
450169283
345016928
834501692
283450169
928345016
692834501
169283450
BREAK
016928435
501692843
350169284
435016928
843501692
284350169
928435016
692843501
169284350
BREAK
018324695
501832469
950183246
695018324
469501832
246950183
324695018
832469501
183246950
BREAK
018324965
501832496
650183249
965018324
496501832
249650183
324965018
832496501
183249650
BREAK
018326495
501832649
950183264
495018326
649501832
264950183
326495018
832649501
183264950
BREAK
018326945
501832694
450183269
945018326
694501832
269450183
326945018
832694501
183269450
BREAK
018329465
501832946
650183294
465018329
946501832
294650183
329465018
832946501
183294650
BREAK
018329645
501832964
450183296
645018329
964501832
296450183
329645018
832964501
183296450
BREAK
018423695
501842369
950184236
695018423
369501842
236950184
423695018
842369501
184236950
BREAK
018423965
501842396
650184239
965018423
396501842
239650184
423965018
842396501
184239650
BREAK
018426395
501842639
950184263
395018426
639501842
263950184
426395018
842639501
184263950
BREAK
018426935
501842693
350184269
935018426
693501842
269350184
426935018
842693501
184269350
BREAK
018429365
501842936
650184293
365018429
936501842
293650184
429365018
842936501
184293650
BREAK
018429635
501842963
350184296
635018429
963501842
296350184
429635018
842963501
184296350
BREAK
018623495
501862349
950186234
495018623
349501862
234950186
623495018
862349501
186234950
BREAK
018623945
501862394
450186239
945018623
394501862
239450186
623945018
862394501
186239450
BREAK
018624395
501862439
950186243
395018624
439501862
243950186
624395018
862439501
186243950
BREAK
018624935
501862493
350186249
935018624
493501862
249350186
624935018
862493501
186249350
BREAK
018629345
501862934
450186293
345018629
934501862
293450186
629345018
862934501
186293450
BREAK
018629435
501862943
350186294
435018629
943501862
294350186
629435018
862943501
186294350
BREAK
018923465
501892346
650189234
465018923
346501892
234650189
923465018
892346501
189234650
BREAK
018923645
501892364
450189236
645018923
364501892
236450189
923645018
892364501
189236450
BREAK
018924365
501892436
650189243
365018924
436501892
243650189
924365018
892436501
189243650
BREAK
018924635
501892463
350189246
635018924
463501892
246350189
924635018
892463501
189246350
BREAK
018926345
501892634
450189263
345018926
634501892
263450189
926345018
892634501
189263450
BREAK
018926435
501892643
350189264
435018926
643501892
264350189
926435018
892643501
189264350
BREAK
019324685
501932468
850193246
685019324
468501932
246850193
324685019
932468501
193246850
BREAK
019324865
501932486
650193248
865019324
486501932
248650193
324865019
932486501
193248650
BREAK
019326485
501932648
850193264
485019326
648501932
264850193
326485019
932648501
193264850
BREAK
019326845
501932684
450193268
845019326
684501932
268450193
326845019
932684501
193268450
BREAK
019328465
501932846
650193284
465019328
846501932
284650193
328465019
932846501
193284650
BREAK
019328645
501932864
450193286
645019328
864501932
286450193
328645019
932864501
193286450
BREAK
019423685
501942368
850194236
685019423
368501942
236850194
423685019
942368501
194236850
BREAK
019423865
501942386
650194238
865019423
386501942
238650194
423865019
942386501
194238650
BREAK
019426385
501942638
850194263
385019426
638501942
263850194
426385019
942638501
194263850
BREAK
019426835
501942683
350194268
835019426
683501942
268350194
426835019
942683501
194268350
BREAK
019428365
501942836
650194283
365019428
836501942
283650194
428365019
942836501
194283650
BREAK
019428635
501942863
350194286
635019428
863501942
286350194
428635019
942863501
194286350
BREAK
019623485
501962348
850196234
485019623
348501962
234850196
623485019
962348501
196234850
BREAK
019623845
501962384
450196238
845019623
384501962
238450196
623845019
962384501
196238450
BREAK
019624385
501962438
850196243
385019624
438501962
243850196
624385019
962438501
196243850
BREAK
019624835
501962483
350196248
835019624
483501962
248350196
624835019
962483501
196248350
BREAK
019628345
501962834
450196283
345019628
834501962
283450196
628345019
962834501
196283450
BREAK
019628435
501962843
350196284
435019628
843501962
284350196
628435019
962843501
196284350
BREAK
019823465
501982346
650198234
465019823
346501982
234650198
823465019
982346501
198234650
BREAK
019823645
501982364
450198236
645019823
364501982
236450198
823645019
982364501
198236450
BREAK
019824365
501982436
650198243
365019824
436501982
243650198
824365019
982436501
198243650
BREAK
019824635
501982463
350198246
635019824
463501982
246350198
824635019
982463501
198246350
BREAK
019826345
501982634
450198263
345019826
634501982
263450198
826345019
982634501
198263450
BREAK
019826435
501982643
350198264
435019826
643501982
264350198
826435019
982643501
198264350
BREAK
031426895
503142689
950314268
895031426
689503142
268950314
426895031
142689503
314268950
BREAK
031426985
503142698
850314269
985031426
698503142
269850314
426985031
142698503
314269850
BREAK
031428695
503142869
950314286
695031428
869503142
286950314
428695031
142869503
314286950
BREAK
031428965
503142896
650314289
965031428
896503142
289650314
428965031
142896503
314289650
BREAK
031429685
503142968
850314296
685031429
968503142
296850314
429685031
142968503
314296850
BREAK
031429865
503142986
650314298
865031429
986503142
298650314
429865031
142986503
314298650
BREAK
031624895
503162489
950316248
895031624
489503162
248950316
624895031
162489503
316248950
BREAK
031624985
503162498
850316249
985031624
498503162
249850316
624985031
162498503
316249850
BREAK
031628495
503162849
950316284
495031628
849503162
284950316
628495031
162849503
316284950
BREAK
031628945
503162894
450316289
945031628
894503162
289450316
628945031
162894503
316289450
BREAK
031629485
503162948
850316294
485031629
948503162
294850316
629485031
162948503
316294850
BREAK
031629845
503162984
450316298
845031629
984503162
298450316
629845031
162984503
316298450
BREAK
031824695
503182469
950318246
695031824
469503182
246950318
824695031
182469503
318246950
BREAK
031824965
503182496
650318249
965031824
496503182
249650318
824965031
182496503
318249650
BREAK
031826495
503182649
950318264
495031826
649503182
264950318
826495031
182649503
318264950
BREAK
031826945
503182694
450318269
945031826
694503182
269450318
826945031
182694503
318269450
BREAK
031829465
503182946
650318294
465031829
946503182
294650318
829465031
182946503
318294650
BREAK
031829645
503182964
450318296
645031829
964503182
296450318
829645031
182964503
318296450
BREAK
031924685
503192468
850319246
685031924
468503192
246850319
924685031
192468503
319246850
BREAK
031924865
503192486
650319248
865031924
486503192
248650319
924865031
192486503
319248650
BREAK
031926485
503192648
850319264
485031926
648503192
264850319
926485031
192648503
319264850
BREAK
031926845
503192684
450319268
845031926
684503192
268450319
926845031
192684503
319268450
BREAK
031928465
503192846
650319284
465031928
846503192
284650319
928465031
192846503
319284650
BREAK
031928645
503192864
450319286
645031928
864503192
286450319
928645031
192864503
319286450
BREAK
034126895
503412689
950341268
895034126
689503412
268950341
126895034
412689503
341268950
BREAK
034126985
503412698
850341269
985034126
698503412
269850341
126985034
412698503
341269850
BREAK
034128695
503412869
950341286
695034128
869503412
286950341
128695034
412869503
341286950
BREAK
034128965
503412896
650341289
965034128
896503412
289650341
128965034
412896503
341289650
BREAK
034129685
503412968
850341296
685034129
968503412
296850341
129685034
412968503
341296850
BREAK
034129865
503412986
650341298
865034129
986503412
298650341
129865034
412986503
341298650
BREAK
034621895
503462189
950346218
895034621
189503462
218950346
621895034
462189503
346218950
BREAK
034621985
503462198
850346219
985034621
198503462
219850346
621985034
462198503
346219850
BREAK
034628195
503462819
950346281
195034628
819503462
281950346
628195034
462819503
346281950
BREAK
034628915
503462891
150346289
915034628
891503462
289150346
628915034
462891503
346289150
BREAK
034629185
503462918
850346291
185034629
918503462
291850346
629185034
462918503
346291850
BREAK
034629815
503462981
150346298
815034629
981503462
298150346
629815034
462981503
346298150
BREAK
034821695
503482169
950348216
695034821
169503482
216950348
821695034
482169503
348216950
BREAK
034821965
503482196
650348219
965034821
196503482
219650348
821965034
482196503
348219650
BREAK
034826195
503482619
950348261
195034826
619503482
261950348
826195034
482619503
348261950
BREAK
034826915
503482691
150348269
915034826
691503482
269150348
826915034
482691503
348269150
BREAK
034829165
503482916
650348291
165034829
916503482
291650348
829165034
482916503
348291650
BREAK
034829615
503482961
150348296
615034829
961503482
296150348
829615034
482961503
348296150
BREAK
034921685
503492168
850349216
685034921
168503492
216850349
921685034
492168503
349216850
BREAK
034921865
503492186
650349218
865034921
186503492
218650349
921865034
492186503
349218650
BREAK
034926185
503492618
850349261
185034926
618503492
261850349
926185034
492618503
349261850
BREAK
034926815
503492681
150349268
815034926
681503492
268150349
926815034
492681503
349268150
BREAK
034928165
503492816
650349281
165034928
816503492
281650349
928165034
492816503
349281650
BREAK
034928615
503492861
150349286
615034928
861503492
286150349
928615034
492861503
349286150
BREAK
036124895
503612489
950361248
895036124
489503612
248950361
124895036
612489503
361248950
BREAK
036124985
503612498
850361249
985036124
498503612
249850361
124985036
612498503
361249850
BREAK
036128495
503612849
950361284
495036128
849503612
284950361
128495036
612849503
361284950
BREAK
036128945
503612894
450361289
945036128
894503612
289450361
128945036
612894503
361289450
BREAK
036129485
503612948
850361294
485036129
948503612
294850361
129485036
612948503
361294850
BREAK
036129845
503612984
450361298
845036129
984503612
298450361
129845036
612984503
361298450
BREAK
036421895
503642189
950364218
895036421
189503642
218950364
421895036
642189503
364218950
BREAK
036421985
503642198
850364219
985036421
198503642
219850364
421985036
642198503
364219850
BREAK
036428195
503642819
950364281
195036428
819503642
281950364
428195036
642819503
364281950
BREAK
036428915
503642891
150364289
915036428
891503642
289150364
428915036
642891503
364289150
BREAK
036429185
503642918
850364291
185036429
918503642
291850364
429185036
642918503
364291850
BREAK
036429815
503642981
150364298
815036429
981503642
298150364
429815036
642981503
364298150
BREAK
036821495
503682149
950368214
495036821
149503682
214950368
821495036
682149503
368214950
BREAK
036821945
503682194
450368219
945036821
194503682
219450368
821945036
682194503
368219450
BREAK
036824195
503682419
950368241
195036824
419503682
241950368
824195036
682419503
368241950
BREAK
036824915
503682491
150368249
915036824
491503682
249150368
824915036
682491503
368249150
BREAK
036829145
503682914
450368291
145036829
914503682
291450368
829145036
682914503
368291450
BREAK
036829415
503682941
150368294
415036829
941503682
294150368
829415036
682941503
368294150
BREAK
036921485
503692148
850369214
485036921
148503692
214850369
921485036
692148503
369214850
BREAK
036921845
503692184
450369218
845036921
184503692
218450369
921845036
692184503
369218450
BREAK
036924185
503692418
850369241
185036924
418503692
241850369
924185036
692418503
369241850
BREAK
036924815
503692481
150369248
815036924
481503692
248150369
924815036
692481503
369248150
BREAK
036928145
503692814
450369281
145036928
814503692
281450369
928145036
692814503
369281450
BREAK
036928415
503692841
150369284
415036928
841503692
284150369
928415036
692841503
369284150
BREAK
038124695
503812469
950381246
695038124
469503812
246950381
124695038
812469503
381246950
BREAK
038124965
503812496
650381249
965038124
496503812
249650381
124965038
812496503
381249650
BREAK
038126495
503812649
950381264
495038126
649503812
264950381
126495038
812649503
381264950
BREAK
038126945
503812694
450381269
945038126
694503812
269450381
126945038
812694503
381269450
BREAK
038129465
503812946
650381294
465038129
946503812
294650381
129465038
812946503
381294650
BREAK
038129645
503812964
450381296
645038129
964503812
296450381
129645038
812964503
381296450
BREAK
038421695
503842169
950384216
695038421
169503842
216950384
421695038
842169503
384216950
BREAK
038421965
503842196
650384219
965038421
196503842
219650384
421965038
842196503
384219650
BREAK
038426195
503842619
950384261
195038426
619503842
261950384
426195038
842619503
384261950
BREAK
038426915
503842691
150384269
915038426
691503842
269150384
426915038
842691503
384269150
BREAK
038429165
503842916
650384291
165038429
916503842
291650384
429165038
842916503
384291650
BREAK
038429615
503842961
150384296
615038429
961503842
296150384
429615038
842961503
384296150
BREAK
038621495
503862149
950386214
495038621
149503862
214950386
621495038
862149503
386214950
BREAK
038621945
503862194
450386219
945038621
194503862
219450386
621945038
862194503
386219450
BREAK
038624195
503862419
950386241
195038624
419503862
241950386
624195038
862419503
386241950
BREAK
038624915
503862491
150386249
915038624
491503862
249150386
624915038
862491503
386249150
BREAK
038629145
503862914
450386291
145038629
914503862
291450386
629145038
862914503
386291450
BREAK
038629415
503862941
150386294
415038629
941503862
294150386
629415038
862941503
386294150
BREAK
038921465
503892146
650389214
465038921
146503892
214650389
921465038
892146503
389214650
BREAK
038921645
503892164
450389216
645038921
164503892
216450389
921645038
892164503
389216450
BREAK
038924165
503892416
650389241
165038924
416503892
241650389
924165038
892416503
389241650
BREAK
038924615
503892461
150389246
615038924
461503892
246150389
924615038
892461503
389246150
BREAK
038926145
503892614
450389261
145038926
614503892
261450389
926145038
892614503
389261450
BREAK
038926415
503892641
150389264
415038926
641503892
264150389
926415038
892641503
389264150
BREAK
039124685
503912468
850391246
685039124
468503912
246850391
124685039
912468503
391246850
BREAK
039124865
503912486
650391248
865039124
486503912
248650391
124865039
912486503
391248650
BREAK
039126485
503912648
850391264
485039126
648503912
264850391
126485039
912648503
391264850
BREAK
039126845
503912684
450391268
845039126
684503912
268450391
126845039
912684503
391268450
BREAK
039128465
503912846
650391284
465039128
846503912
284650391
128465039
912846503
391284650
BREAK
039128645
503912864
450391286
645039128
864503912
286450391
128645039
912864503
391286450
BREAK
039421685
503942168
850394216
685039421
168503942
216850394
421685039
942168503
394216850
BREAK
039421865
503942186
650394218
865039421
186503942
218650394
421865039
942186503
394218650
BREAK
039426185
503942618
850394261
185039426
618503942
261850394
426185039
942618503
394261850
BREAK
039426815
503942681
150394268
815039426
681503942
268150394
426815039
942681503
394268150
BREAK
039428165
503942816
650394281
165039428
816503942
281650394
428165039
942816503
394281650
BREAK
039428615
503942861
150394286
615039428
861503942
286150394
428615039
942861503
394286150
BREAK
039621485
503962148
850396214
485039621
148503962
214850396
621485039
962148503
396214850
BREAK
039621845
503962184
450396218
845039621
184503962
218450396
621845039
962184503
396218450
BREAK
039624185
503962418
850396241
185039624
418503962
241850396
624185039
962418503
396241850
BREAK
039624815
503962481
150396248
815039624
481503962
248150396
624815039
962481503
396248150
BREAK
039628145
503962814
450396281
145039628
814503962
281450396
628145039
962814503
396281450
BREAK
039628415
503962841
150396284
415039628
841503962
284150396
628415039
962841503
396284150
BREAK
039821465
503982146
650398214
465039821
146503982
214650398
821465039
982146503
398214650
BREAK
039821645
503982164
450398216
645039821
164503982
216450398
821645039
982164503
398216450
BREAK
039824165
503982416
650398241
165039824
416503982
241650398
824165039
982416503
398241650
BREAK
039824615
503982461
150398246
615039824
461503982
246150398
824615039
982461503
398246150
BREAK
039826145
503982614
450398261
145039826
614503982
261450398
826145039
982614503
398261450
BREAK
039826415
503982641
150398264
415039826
641503982
264150398
826415039
982641503
398264150
BREAK
041326895
504132689
950413268
895041326
689504132
268950413
326895041
132689504
413268950
BREAK
041326985
504132698
850413269
985041326
698504132
269850413
326985041
132698504
413269850
BREAK
041328695
504132869
950413286
695041328
869504132
286950413
328695041
132869504
413286950
BREAK
041328965
504132896
650413289
965041328
896504132
289650413
328965041
132896504
413289650
BREAK
041329685
504132968
850413296
685041329
968504132
296850413
329685041
132968504
413296850
BREAK
041329865
504132986
650413298
865041329
986504132
298650413
329865041
132986504
413298650
BREAK
041623895
504162389
950416238
895041623
389504162
238950416
623895041
162389504
416238950
BREAK
041623985
504162398
850416239
985041623
398504162
239850416
623985041
162398504
416239850
BREAK
041628395
504162839
950416283
395041628
839504162
283950416
628395041
162839504
416283950
BREAK
041628935
504162893
350416289
935041628
893504162
289350416
628935041
162893504
416289350
BREAK
041629385
504162938
850416293
385041629
938504162
293850416
629385041
162938504
416293850
BREAK
041629835
504162983
350416298
835041629
983504162
298350416
629835041
162983504
416298350
BREAK
041823695
504182369
950418236
695041823
369504182
236950418
823695041
182369504
418236950
BREAK
041823965
504182396
650418239
965041823
396504182
239650418
823965041
182396504
418239650
BREAK
041826395
504182639
950418263
395041826
639504182
263950418
826395041
182639504
418263950
BREAK
041826935
504182693
350418269
935041826
693504182
269350418
826935041
182693504
418269350
BREAK
041829365
504182936
650418293
365041829
936504182
293650418
829365041
182936504
418293650
BREAK
041829635
504182963
350418296
635041829
963504182
296350418
829635041
182963504
418296350
BREAK
041923685
504192368
850419236
685041923
368504192
236850419
923685041
192368504
419236850
BREAK
041923865
504192386
650419238
865041923
386504192
238650419
923865041
192386504
419238650
BREAK
041926385
504192638
850419263
385041926
638504192
263850419
926385041
192638504
419263850
BREAK
041926835
504192683
350419268
835041926
683504192
268350419
926835041
192683504
419268350
BREAK
041928365
504192836
650419283
365041928
836504192
283650419
928365041
192836504
419283650
BREAK
041928635
504192863
350419286
635041928
863504192
286350419
928635041
192863504
419286350
BREAK
043126895
504312689
950431268
895043126
689504312
268950431
126895043
312689504
431268950
BREAK
043126985
504312698
850431269
985043126
698504312
269850431
126985043
312698504
431269850
BREAK
043128695
504312869
950431286
695043128
869504312
286950431
128695043
312869504
431286950
BREAK
043128965
504312896
650431289
965043128
896504312
289650431
128965043
312896504
431289650
BREAK
043129685
504312968
850431296
685043129
968504312
296850431
129685043
312968504
431296850
BREAK
043129865
504312986
650431298
865043129
986504312
298650431
129865043
312986504
431298650
BREAK
043621895
504362189
950436218
895043621
189504362
218950436
621895043
362189504
436218950
BREAK
043621985
504362198
850436219
985043621
198504362
219850436
621985043
362198504
436219850
BREAK
043628195
504362819
950436281
195043628
819504362
281950436
628195043
362819504
436281950
BREAK
043628915
504362891
150436289
915043628
891504362
289150436
628915043
362891504
436289150
BREAK
043629185
504362918
850436291
185043629
918504362
291850436
629185043
362918504
436291850
BREAK
043629815
504362981
150436298
815043629
981504362
298150436
629815043
362981504
436298150
BREAK
043821695
504382169
950438216
695043821
169504382
216950438
821695043
382169504
438216950
BREAK
043821965
504382196
650438219
965043821
196504382
219650438
821965043
382196504
438219650
BREAK
043826195
504382619
950438261
195043826
619504382
261950438
826195043
382619504
438261950
BREAK
043826915
504382691
150438269
915043826
691504382
269150438
826915043
382691504
438269150
BREAK
043829165
504382916
650438291
165043829
916504382
291650438
829165043
382916504
438291650
BREAK
043829615
504382961
150438296
615043829
961504382
296150438
829615043
382961504
438296150
BREAK
043921685
504392168
850439216
685043921
168504392
216850439
921685043
392168504
439216850
BREAK
043921865
504392186
650439218
865043921
186504392
218650439
921865043
392186504
439218650
BREAK
043926185
504392618
850439261
185043926
618504392
261850439
926185043
392618504
439261850
BREAK
043926815
504392681
150439268
815043926
681504392
268150439
926815043
392681504
439268150
BREAK
043928165
504392816
650439281
165043928
816504392
281650439
928165043
392816504
439281650
BREAK
043928615
504392861
150439286
615043928
861504392
286150439
928615043
392861504
439286150
BREAK
046123895
504612389
950461238
895046123
389504612
238950461
123895046
612389504
461238950
BREAK
046123985
504612398
850461239
985046123
398504612
239850461
123985046
612398504
461239850
BREAK
046128395
504612839
950461283
395046128
839504612
283950461
128395046
612839504
461283950
BREAK
046128935
504612893
350461289
935046128
893504612
289350461
128935046
612893504
461289350
BREAK
046129385
504612938
850461293
385046129
938504612
293850461
129385046
612938504
461293850
BREAK
046129835
504612983
350461298
835046129
983504612
298350461
129835046
612983504
461298350
BREAK
046321895
504632189
950463218
895046321
189504632
218950463
321895046
632189504
463218950
BREAK
046321985
504632198
850463219
985046321
198504632
219850463
321985046
632198504
463219850
BREAK
046328195
504632819
950463281
195046328
819504632
281950463
328195046
632819504
463281950
BREAK
046328915
504632891
150463289
915046328
891504632
289150463
328915046
632891504
463289150
BREAK
046329185
504632918
850463291
185046329
918504632
291850463
329185046
632918504
463291850
BREAK
046329815
504632981
150463298
815046329
981504632
298150463
329815046
632981504
463298150
BREAK
046821395
504682139
950468213
395046821
139504682
213950468
821395046
682139504
468213950
BREAK
046821935
504682193
350468219
935046821
193504682
219350468
821935046
682193504
468219350
BREAK
046823195
504682319
950468231
195046823
319504682
231950468
823195046
682319504
468231950
BREAK
046823915
504682391
150468239
915046823
391504682
239150468
823915046
682391504
468239150
BREAK
046829135
504682913
350468291
135046829
913504682
291350468
829135046
682913504
468291350
BREAK
046829315
504682931
150468293
315046829
931504682
293150468
829315046
682931504
468293150
BREAK
046921385
504692138
850469213
385046921
138504692
213850469
921385046
692138504
469213850
BREAK
046921835
504692183
350469218
835046921
183504692
218350469
921835046
692183504
469218350
BREAK
046923185
504692318
850469231
185046923
318504692
231850469
923185046
692318504
469231850
BREAK
046923815
504692381
150469238
815046923
381504692
238150469
923815046
692381504
469238150
BREAK
046928135
504692813
350469281
135046928
813504692
281350469
928135046
692813504
469281350
BREAK
046928315
504692831
150469283
315046928
831504692
283150469
928315046
692831504
469283150
BREAK
048123695
504812369
950481236
695048123
369504812
236950481
123695048
812369504
481236950
BREAK
048123965
504812396
650481239
965048123
396504812
239650481
123965048
812396504
481239650
BREAK
048126395
504812639
950481263
395048126
639504812
263950481
126395048
812639504
481263950
BREAK
048126935
504812693
350481269
935048126
693504812
269350481
126935048
812693504
481269350
BREAK
048129365
504812936
650481293
365048129
936504812
293650481
129365048
812936504
481293650
BREAK
048129635
504812963
350481296
635048129
963504812
296350481
129635048
812963504
481296350
BREAK
048321695
504832169
950483216
695048321
169504832
216950483
321695048
832169504
483216950
BREAK
048321965
504832196
650483219
965048321
196504832
219650483
321965048
832196504
483219650
BREAK
048326195
504832619
950483261
195048326
619504832
261950483
326195048
832619504
483261950
BREAK
048326915
504832691
150483269
915048326
691504832
269150483
326915048
832691504
483269150
BREAK
048329165
504832916
650483291
165048329
916504832
291650483
329165048
832916504
483291650
BREAK
048329615
504832961
150483296
615048329
961504832
296150483
329615048
832961504
483296150
BREAK
048621395
504862139
950486213
395048621
139504862
213950486
621395048
862139504
486213950
BREAK
048621935
504862193
350486219
935048621
193504862
219350486
621935048
862193504
486219350
BREAK
048623195
504862319
950486231
195048623
319504862
231950486
623195048
862319504
486231950
BREAK
048623915
504862391
150486239
915048623
391504862
239150486
623915048
862391504
486239150
BREAK
048629135
504862913
350486291
135048629
913504862
291350486
629135048
862913504
486291350
BREAK
048629315
504862931
150486293
315048629
931504862
293150486
629315048
862931504
486293150
BREAK
048921365
504892136
650489213
365048921
136504892
213650489
921365048
892136504
489213650
BREAK
048921635
504892163
350489216
635048921
163504892
216350489
921635048
892163504
489216350
BREAK
048923165
504892316
650489231
165048923
316504892
231650489
923165048
892316504
489231650
BREAK
048923615
504892361
150489236
615048923
361504892
236150489
923615048
892361504
489236150
BREAK
048926135
504892613
350489261
135048926
613504892
261350489
926135048
892613504
489261350
BREAK
048926315
504892631
150489263
315048926
631504892
263150489
926315048
892631504
489263150
BREAK
049123685
504912368
850491236
685049123
368504912
236850491
123685049
912368504
491236850
BREAK
049123865
504912386
650491238
865049123
386504912
238650491
123865049
912386504
491238650
BREAK
049126385
504912638
850491263
385049126
638504912
263850491
126385049
912638504
491263850
BREAK
049126835
504912683
350491268
835049126
683504912
268350491
126835049
912683504
491268350
BREAK
049128365
504912836
650491283
365049128
836504912
283650491
128365049
912836504
491283650
BREAK
049128635
504912863
350491286
635049128
863504912
286350491
128635049
912863504
491286350
BREAK
049321685
504932168
850493216
685049321
168504932
216850493
321685049
932168504
493216850
BREAK
049321865
504932186
650493218
865049321
186504932
218650493
321865049
932186504
493218650
BREAK
049326185
504932618
850493261
185049326
618504932
261850493
326185049
932618504
493261850
BREAK
049326815
504932681
150493268
815049326
681504932
268150493
326815049
932681504
493268150
BREAK
049328165
504932816
650493281
165049328
816504932
281650493
328165049
932816504
493281650
BREAK
049328615
504932861
150493286
615049328
861504932
286150493
328615049
932861504
493286150
BREAK
049621385
504962138
850496213
385049621
138504962
213850496
621385049
962138504
496213850
BREAK
049621835
504962183
350496218
835049621
183504962
218350496
621835049
962183504
496218350
BREAK
049623185
504962318
850496231
185049623
318504962
231850496
623185049
962318504
496231850
BREAK
049623815
504962381
150496238
815049623
381504962
238150496
623815049
962381504
496238150
BREAK
049628135
504962813
350496281
135049628
813504962
281350496
628135049
962813504
496281350
BREAK
049628315
504962831
150496283
315049628
831504962
283150496
628315049
962831504
496283150
BREAK
049821365
504982136
650498213
365049821
136504982
213650498
821365049
982136504
498213650
BREAK
049821635
504982163
350498216
635049821
163504982
216350498
821635049
982163504
498216350
BREAK
049823165
504982316
650498231
165049823
316504982
231650498
823165049
982316504
498231650
BREAK
049823615
504982361
150498236
615049823
361504982
236150498
823615049
982361504
498236150
BREAK
049826135
504982613
350498261
135049826
613504982
261350498
826135049
982613504
498261350
BREAK
049826315
504982631
150498263
315049826
631504982
263150498
826315049
982631504
498263150
BREAK
061324895
506132489
950613248
895061324
489506132
248950613
324895061
132489506
613248950
BREAK
061324985
506132498
850613249
985061324
498506132
249850613
324985061
132498506
613249850
BREAK
061328495
506132849
950613284
495061328
849506132
284950613
328495061
132849506
613284950
BREAK
061328945
506132894
450613289
945061328
894506132
289450613
328945061
132894506
613289450
BREAK
061329485
506132948
850613294
485061329
948506132
294850613
329485061
132948506
613294850
BREAK
061329845
506132984
450613298
845061329
984506132
298450613
329845061
132984506
613298450
BREAK
061423895
506142389
950614238
895061423
389506142
238950614
423895061
142389506
614238950
BREAK
061423985
506142398
850614239
985061423
398506142
239850614
423985061
142398506
614239850
BREAK
061428395
506142839
950614283
395061428
839506142
283950614
428395061
142839506
614283950
BREAK
061428935
506142893
350614289
935061428
893506142
289350614
428935061
142893506
614289350
BREAK
061429385
506142938
850614293
385061429
938506142
293850614
429385061
142938506
614293850
BREAK
061429835
506142983
350614298
835061429
983506142
298350614
429835061
142983506
614298350
BREAK
061823495
506182349
950618234
495061823
349506182
234950618
823495061
182349506
618234950
BREAK
061823945
506182394
450618239
945061823
394506182
239450618
823945061
182394506
618239450
BREAK
061824395
506182439
950618243
395061824
439506182
243950618
824395061
182439506
618243950
BREAK
061824935
506182493
350618249
935061824
493506182
249350618
824935061
182493506
618249350
BREAK
061829345
506182934
450618293
345061829
934506182
293450618
829345061
182934506
618293450
BREAK
061829435
506182943
350618294
435061829
943506182
294350618
829435061
182943506
618294350
BREAK
061923485
506192348
850619234
485061923
348506192
234850619
923485061
192348506
619234850
BREAK
061923845
506192384
450619238
845061923
384506192
238450619
923845061
192384506
619238450
BREAK
061924385
506192438
850619243
385061924
438506192
243850619
924385061
192438506
619243850
BREAK
061924835
506192483
350619248
835061924
483506192
248350619
924835061
192483506
619248350
BREAK
061928345
506192834
450619283
345061928
834506192
283450619
928345061
192834506
619283450
BREAK
061928435
506192843
350619284
435061928
843506192
284350619
928435061
192843506
619284350
BREAK
063124895
506312489
950631248
895063124
489506312
248950631
124895063
312489506
631248950
BREAK
063124985
506312498
850631249
985063124
498506312
249850631
124985063
312498506
631249850
BREAK
063128495
506312849
950631284
495063128
849506312
284950631
128495063
312849506
631284950
BREAK
063128945
506312894
450631289
945063128
894506312
289450631
128945063
312894506
631289450
BREAK
063129485
506312948
850631294
485063129
948506312
294850631
129485063
312948506
631294850
BREAK
063129845
506312984
450631298
845063129
984506312
298450631
129845063
312984506
631298450
BREAK
063421895
506342189
950634218
895063421
189506342
218950634
421895063
342189506
634218950
BREAK
063421985
506342198
850634219
985063421
198506342
219850634
421985063
342198506
634219850
BREAK
063428195
506342819
950634281
195063428
819506342
281950634
428195063
342819506
634281950
BREAK
063428915
506342891
150634289
915063428
891506342
289150634
428915063
342891506
634289150
BREAK
063429185
506342918
850634291
185063429
918506342
291850634
429185063
342918506
634291850
BREAK
063429815
506342981
150634298
815063429
981506342
298150634
429815063
342981506
634298150
BREAK
063821495
506382149
950638214
495063821
149506382
214950638
821495063
382149506
638214950
BREAK
063821945
506382194
450638219
945063821
194506382
219450638
821945063
382194506
638219450
BREAK
063824195
506382419
950638241
195063824
419506382
241950638
824195063
382419506
638241950
BREAK
063824915
506382491
150638249
915063824
491506382
249150638
824915063
382491506
638249150
BREAK
063829145
506382914
450638291
145063829
914506382
291450638
829145063
382914506
638291450
BREAK
063829415
506382941
150638294
415063829
941506382
294150638
829415063
382941506
638294150
BREAK
063921485
506392148
850639214
485063921
148506392
214850639
921485063
392148506
639214850
BREAK
063921845
506392184
450639218
845063921
184506392
218450639
921845063
392184506
639218450
BREAK
063924185
506392418
850639241
185063924
418506392
241850639
924185063
392418506
639241850
BREAK
063924815
506392481
150639248
815063924
481506392
248150639
924815063
392481506
639248150
BREAK
063928145
506392814
450639281
145063928
814506392
281450639
928145063
392814506
639281450
BREAK
063928415
506392841
150639284
415063928
841506392
284150639
928415063
392841506
639284150
BREAK
064123895
506412389
950641238
895064123
389506412
238950641
123895064
412389506
641238950
BREAK
064123985
506412398
850641239
985064123
398506412
239850641
123985064
412398506
641239850
BREAK
064128395
506412839
950641283
395064128
839506412
283950641
128395064
412839506
641283950
BREAK
064128935
506412893
350641289
935064128
893506412
289350641
128935064
412893506
641289350
BREAK
064129385
506412938
850641293
385064129
938506412
293850641
129385064
412938506
641293850
BREAK
064129835
506412983
350641298
835064129
983506412
298350641
129835064
412983506
641298350
BREAK
064321895
506432189
950643218
895064321
189506432
218950643
321895064
432189506
643218950
BREAK
064321985
506432198
850643219
985064321
198506432
219850643
321985064
432198506
643219850
BREAK
064328195
506432819
950643281
195064328
819506432
281950643
328195064
432819506
643281950
BREAK
064328915
506432891
150643289
915064328
891506432
289150643
328915064
432891506
643289150
BREAK
064329185
506432918
850643291
185064329
918506432
291850643
329185064
432918506
643291850
BREAK
064329815
506432981
150643298
815064329
981506432
298150643
329815064
432981506
643298150
BREAK
064821395
506482139
950648213
395064821
139506482
213950648
821395064
482139506
648213950
BREAK
064821935
506482193
350648219
935064821
193506482
219350648
821935064
482193506
648219350
BREAK
064823195
506482319
950648231
195064823
319506482
231950648
823195064
482319506
648231950
BREAK
064823915
506482391
150648239
915064823
391506482
239150648
823915064
482391506
648239150
BREAK
064829135
506482913
350648291
135064829
913506482
291350648
829135064
482913506
648291350
BREAK
064829315
506482931
150648293
315064829
931506482
293150648
829315064
482931506
648293150
BREAK
064921385
506492138
850649213
385064921
138506492
213850649
921385064
492138506
649213850
BREAK
064921835
506492183
350649218
835064921
183506492
218350649
921835064
492183506
649218350
BREAK
064923185
506492318
850649231
185064923
318506492
231850649
923185064
492318506
649231850
BREAK
064923815
506492381
150649238
815064923
381506492
238150649
923815064
492381506
649238150
BREAK
064928135
506492813
350649281
135064928
813506492
281350649
928135064
492813506
649281350
BREAK
064928315
506492831
150649283
315064928
831506492
283150649
928315064
492831506
649283150
BREAK
068123495
506812349
950681234
495068123
349506812
234950681
123495068
812349506
681234950
BREAK
068123945
506812394
450681239
945068123
394506812
239450681
123945068
812394506
681239450
BREAK
068124395
506812439
950681243
395068124
439506812
243950681
124395068
812439506
681243950
BREAK
068124935
506812493
350681249
935068124
493506812
249350681
124935068
812493506
681249350
BREAK
068129345
506812934
450681293
345068129
934506812
293450681
129345068
812934506
681293450
BREAK
068129435
506812943
350681294
435068129
943506812
294350681
129435068
812943506
681294350
BREAK
068321495
506832149
950683214
495068321
149506832
214950683
321495068
832149506
683214950
BREAK
068321945
506832194
450683219
945068321
194506832
219450683
321945068
832194506
683219450
BREAK
068324195
506832419
950683241
195068324
419506832
241950683
324195068
832419506
683241950
BREAK
068324915
506832491
150683249
915068324
491506832
249150683
324915068
832491506
683249150
BREAK
068329145
506832914
450683291
145068329
914506832
291450683
329145068
832914506
683291450
BREAK
068329415
506832941
150683294
415068329
941506832
294150683
329415068
832941506
683294150
BREAK
068421395
506842139
950684213
395068421
139506842
213950684
421395068
842139506
684213950
BREAK
068421935
506842193
350684219
935068421
193506842
219350684
421935068
842193506
684219350
BREAK
068423195
506842319
950684231
195068423
319506842
231950684
423195068
842319506
684231950
BREAK
068423915
506842391
150684239
915068423
391506842
239150684
423915068
842391506
684239150
BREAK
068429135
506842913
350684291
135068429
913506842
291350684
429135068
842913506
684291350
BREAK
068429315
506842931
150684293
315068429
931506842
293150684
429315068
842931506
684293150
BREAK
068921345
506892134
450689213
345068921
134506892
213450689
921345068
892134506
689213450
BREAK
068921435
506892143
350689214
435068921
143506892
214350689
921435068
892143506
689214350
BREAK
068923145
506892314
450689231
145068923
314506892
231450689
923145068
892314506
689231450
BREAK
068923415
506892341
150689234
415068923
341506892
234150689
923415068
892341506
689234150
BREAK
068924135
506892413
350689241
135068924
413506892
241350689
924135068
892413506
689241350
BREAK
068924315
506892431
150689243
315068924
431506892
243150689
924315068
892431506
689243150
BREAK
069123485
506912348
850691234
485069123
348506912
234850691
123485069
912348506
691234850
BREAK
069123845
506912384
450691238
845069123
384506912
238450691
123845069
912384506
691238450
BREAK
069124385
506912438
850691243
385069124
438506912
243850691
124385069
912438506
691243850
BREAK
069124835
506912483
350691248
835069124
483506912
248350691
124835069
912483506
691248350
BREAK
069128345
506912834
450691283
345069128
834506912
283450691
128345069
912834506
691283450
BREAK
069128435
506912843
350691284
435069128
843506912
284350691
128435069
912843506
691284350
BREAK
069321485
506932148
850693214
485069321
148506932
214850693
321485069
932148506
693214850
BREAK
069321845
506932184
450693218
845069321
184506932
218450693
321845069
932184506
693218450
BREAK
069324185
506932418
850693241
185069324
418506932
241850693
324185069
932418506
693241850
BREAK
069324815
506932481
150693248
815069324
481506932
248150693
324815069
932481506
693248150
BREAK
069328145
506932814
450693281
145069328
814506932
281450693
328145069
932814506
693281450
BREAK
069328415
506932841
150693284
415069328
841506932
284150693
328415069
932841506
693284150
BREAK
069421385
506942138
850694213
385069421
138506942
213850694
421385069
942138506
694213850
BREAK
069421835
506942183
350694218
835069421
183506942
218350694
421835069
942183506
694218350
BREAK
069423185
506942318
850694231
185069423
318506942
231850694
423185069
942318506
694231850
BREAK
069423815
506942381
150694238
815069423
381506942
238150694
423815069
942381506
694238150
BREAK
069428135
506942813
350694281
135069428
813506942
281350694
428135069
942813506
694281350
BREAK
069428315
506942831
150694283
315069428
831506942
283150694
428315069
942831506
694283150
BREAK
069821345
506982134
450698213
345069821
134506982
213450698
821345069
982134506
698213450
BREAK
069821435
506982143
350698214
435069821
143506982
214350698
821435069
982143506
698214350
BREAK
069823145
506982314
450698231
145069823
314506982
231450698
823145069
982314506
698231450
BREAK
069823415
506982341
150698234
415069823
341506982
234150698
823415069
982341506
698234150
BREAK
069824135
506982413
350698241
135069824
413506982
241350698
824135069
982413506
698241350
BREAK
069824315
506982431
150698243
315069824
431506982
243150698
824315069
982431506
698243150
BREAK
081324695
508132469
950813246
695081324
469508132
246950813
324695081
132469508
813246950
BREAK
081324965
508132496
650813249
965081324
496508132
249650813
324965081
132496508
813249650
BREAK
081326495
508132649
950813264
495081326
649508132
264950813
326495081
132649508
813264950
BREAK
081326945
508132694
450813269
945081326
694508132
269450813
326945081
132694508
813269450
BREAK
081329465
508132946
650813294
465081329
946508132
294650813
329465081
132946508
813294650
BREAK
081329645
508132964
450813296
645081329
964508132
296450813
329645081
132964508
813296450
BREAK
081423695
508142369
950814236
695081423
369508142
236950814
423695081
142369508
814236950
BREAK
081423965
508142396
650814239
965081423
396508142
239650814
423965081
142396508
814239650
BREAK
081426395
508142639
950814263
395081426
639508142
263950814
426395081
142639508
814263950
BREAK
081426935
508142693
350814269
935081426
693508142
269350814
426935081
142693508
814269350
BREAK
081429365
508142936
650814293
365081429
936508142
293650814
429365081
142936508
814293650
BREAK
081429635
508142963
350814296
635081429
963508142
296350814
429635081
142963508
814296350
BREAK
081623495
508162349
950816234
495081623
349508162
234950816
623495081
162349508
816234950
BREAK
081623945
508162394
450816239
945081623
394508162
239450816
623945081
162394508
816239450
BREAK
081624395
508162439
950816243
395081624
439508162
243950816
624395081
162439508
816243950
BREAK
081624935
508162493
350816249
935081624
493508162
249350816
624935081
162493508
816249350
BREAK
081629345
508162934
450816293
345081629
934508162
293450816
629345081
162934508
816293450
BREAK
081629435
508162943
350816294
435081629
943508162
294350816
629435081
162943508
816294350
BREAK
081923465
508192346
650819234
465081923
346508192
234650819
923465081
192346508
819234650
BREAK
081923645
508192364
450819236
645081923
364508192
236450819
923645081
192364508
819236450
BREAK
081924365
508192436
650819243
365081924
436508192
243650819
924365081
192436508
819243650
BREAK
081924635
508192463
350819246
635081924
463508192
246350819
924635081
192463508
819246350
BREAK
081926345
508192634
450819263
345081926
634508192
263450819
926345081
192634508
819263450
BREAK
081926435
508192643
350819264
435081926
643508192
264350819
926435081
192643508
819264350
BREAK
083124695
508312469
950831246
695083124
469508312
246950831
124695083
312469508
831246950
BREAK
083124965
508312496
650831249
965083124
496508312
249650831
124965083
312496508
831249650
BREAK
083126495
508312649
950831264
495083126
649508312
264950831
126495083
312649508
831264950
BREAK
083126945
508312694
450831269
945083126
694508312
269450831
126945083
312694508
831269450
BREAK
083129465
508312946
650831294
465083129
946508312
294650831
129465083
312946508
831294650
BREAK
083129645
508312964
450831296
645083129
964508312
296450831
129645083
312964508
831296450
BREAK
083421695
508342169
950834216
695083421
169508342
216950834
421695083
342169508
834216950
BREAK
083421965
508342196
650834219
965083421
196508342
219650834
421965083
342196508
834219650
BREAK
083426195
508342619
950834261
195083426
619508342
261950834
426195083
342619508
834261950
BREAK
083426915
508342691
150834269
915083426
691508342
269150834
426915083
342691508
834269150
BREAK
083429165
508342916
650834291
165083429
916508342
291650834
429165083
342916508
834291650
BREAK
083429615
508342961
150834296
615083429
961508342
296150834
429615083
342961508
834296150
BREAK
083621495
508362149
950836214
495083621
149508362
214950836
621495083
362149508
836214950
BREAK
083621945
508362194
450836219
945083621
194508362
219450836
621945083
362194508
836219450
BREAK
083624195
508362419
950836241
195083624
419508362
241950836
624195083
362419508
836241950
BREAK
083624915
508362491
150836249
915083624
491508362
249150836
624915083
362491508
836249150
BREAK
083629145
508362914
450836291
145083629
914508362
291450836
629145083
362914508
836291450
BREAK
083629415
508362941
150836294
415083629
941508362
294150836
629415083
362941508
836294150
BREAK
083921465
508392146
650839214
465083921
146508392
214650839
921465083
392146508
839214650
BREAK
083921645
508392164
450839216
645083921
164508392
216450839
921645083
392164508
839216450
BREAK
083924165
508392416
650839241
165083924
416508392
241650839
924165083
392416508
839241650
BREAK
083924615
508392461
150839246
615083924
461508392
246150839
924615083
392461508
839246150
BREAK
083926145
508392614
450839261
145083926
614508392
261450839
926145083
392614508
839261450
BREAK
083926415
508392641
150839264
415083926
641508392
264150839
926415083
392641508
839264150
BREAK
084123695
508412369
950841236
695084123
369508412
236950841
123695084
412369508
841236950
BREAK
084123965
508412396
650841239
965084123
396508412
239650841
123965084
412396508
841239650
BREAK
084126395
508412639
950841263
395084126
639508412
263950841
126395084
412639508
841263950
BREAK
084126935
508412693
350841269
935084126
693508412
269350841
126935084
412693508
841269350
BREAK
084129365
508412936
650841293
365084129
936508412
293650841
129365084
412936508
841293650
BREAK
084129635
508412963
350841296
635084129
963508412
296350841
129635084
412963508
841296350
BREAK
084321695
508432169
950843216
695084321
169508432
216950843
321695084
432169508
843216950
BREAK
084321965
508432196
650843219
965084321
196508432
219650843
321965084
432196508
843219650
BREAK
084326195
508432619
950843261
195084326
619508432
261950843
326195084
432619508
843261950
BREAK
084326915
508432691
150843269
915084326
691508432
269150843
326915084
432691508
843269150
BREAK
084329165
508432916
650843291
165084329
916508432
291650843
329165084
432916508
843291650
BREAK
084329615
508432961
150843296
615084329
961508432
296150843
329615084
432961508
843296150
BREAK
084621395
508462139
950846213
395084621
139508462
213950846
621395084
462139508
846213950
BREAK
084621935
508462193
350846219
935084621
193508462
219350846
621935084
462193508
846219350
BREAK
084623195
508462319
950846231
195084623
319508462
231950846
623195084
462319508
846231950
BREAK
084623915
508462391
150846239
915084623
391508462
239150846
623915084
462391508
846239150
BREAK
084629135
508462913
350846291
135084629
913508462
291350846
629135084
462913508
846291350
BREAK
084629315
508462931
150846293
315084629
931508462
293150846
629315084
462931508
846293150
BREAK
084921365
508492136
650849213
365084921
136508492
213650849
921365084
492136508
849213650
BREAK
084921635
508492163
350849216
635084921
163508492
216350849
921635084
492163508
849216350
BREAK
084923165
508492316
650849231
165084923
316508492
231650849
923165084
492316508
849231650
BREAK
084923615
508492361
150849236
615084923
361508492
236150849
923615084
492361508
849236150
BREAK
084926135
508492613
350849261
135084926
613508492
261350849
926135084
492613508
849261350
BREAK
084926315
508492631
150849263
315084926
631508492
263150849
926315084
492631508
849263150
BREAK
086123495
508612349
950861234
495086123
349508612
234950861
123495086
612349508
861234950
BREAK
086123945
508612394
450861239
945086123
394508612
239450861
123945086
612394508
861239450
BREAK
086124395
508612439
950861243
395086124
439508612
243950861
124395086
612439508
861243950
BREAK
086124935
508612493
350861249
935086124
493508612
249350861
124935086
612493508
861249350
BREAK
086129345
508612934
450861293
345086129
934508612
293450861
129345086
612934508
861293450
BREAK
086129435
508612943
350861294
435086129
943508612
294350861
129435086
612943508
861294350
BREAK
086321495
508632149
950863214
495086321
149508632
214950863
321495086
632149508
863214950
BREAK
086321945
508632194
450863219
945086321
194508632
219450863
321945086
632194508
863219450
BREAK
086324195
508632419
950863241
195086324
419508632
241950863
324195086
632419508
863241950
BREAK
086324915
508632491
150863249
915086324
491508632
249150863
324915086
632491508
863249150
BREAK
086329145
508632914
450863291
145086329
914508632
291450863
329145086
632914508
863291450
BREAK
086329415
508632941
150863294
415086329
941508632
294150863
329415086
632941508
863294150
BREAK
086421395
508642139
950864213
395086421
139508642
213950864
421395086
642139508
864213950
BREAK
086421935
508642193
350864219
935086421
193508642
219350864
421935086
642193508
864219350
BREAK
086423195
508642319
950864231
195086423
319508642
231950864
423195086
642319508
864231950
BREAK
086423915
508642391
150864239
915086423
391508642
239150864
423915086
642391508
864239150
BREAK
086429135
508642913
350864291
135086429
913508642
291350864
429135086
642913508
864291350
BREAK
086429315
508642931
150864293
315086429
931508642
293150864
429315086
642931508
864293150
BREAK
086921345
508692134
450869213
345086921
134508692
213450869
921345086
692134508
869213450
BREAK
086921435
508692143
350869214
435086921
143508692
214350869
921435086
692143508
869214350
BREAK
086923145
508692314
450869231
145086923
314508692
231450869
923145086
692314508
869231450
BREAK
086923415
508692341
150869234
415086923
341508692
234150869
923415086
692341508
869234150
BREAK
086924135
508692413
350869241
135086924
413508692
241350869
924135086
692413508
869241350
BREAK
086924315
508692431
150869243
315086924
431508692
243150869
924315086
692431508
869243150
BREAK
089123465
508912346
650891234
465089123
346508912
234650891
123465089
912346508
891234650
BREAK
089123645
508912364
450891236
645089123
364508912
236450891
123645089
912364508
891236450
BREAK
089124365
508912436
650891243
365089124
436508912
243650891
124365089
912436508
891243650
BREAK
089124635
508912463
350891246
635089124
463508912
246350891
124635089
912463508
891246350
BREAK
089126345
508912634
450891263
345089126
634508912
263450891
126345089
912634508
891263450
BREAK
089126435
508912643
350891264
435089126
643508912
264350891
126435089
912643508
891264350
BREAK
089321465
508932146
650893214
465089321
146508932
214650893
321465089
932146508
893214650
BREAK
089321645
508932164
450893216
645089321
164508932
216450893
321645089
932164508
893216450
BREAK
089324165
508932416
650893241
165089324
416508932
241650893
324165089
932416508
893241650
BREAK
089324615
508932461
150893246
615089324
461508932
246150893
324615089
932461508
893246150
BREAK
089326145
508932614
450893261
145089326
614508932
261450893
326145089
932614508
893261450
BREAK
089326415
508932641
150893264
415089326
641508932
264150893
326415089
932641508
893264150
BREAK
089421365
508942136
650894213
365089421
136508942
213650894
421365089
942136508
894213650
BREAK
089421635
508942163
350894216
635089421
163508942
216350894
421635089
942163508
894216350
BREAK
089423165
508942316
650894231
165089423
316508942
231650894
423165089
942316508
894231650
BREAK
089423615
508942361
150894236
615089423
361508942
236150894
423615089
942361508
894236150
BREAK
089426135
508942613
350894261
135089426
613508942
261350894
426135089
942613508
894261350
BREAK
089426315
508942631
150894263
315089426
631508942
263150894
426315089
942631508
894263150
BREAK
089621345
508962134
450896213
345089621
134508962
213450896
621345089
962134508
896213450
BREAK
089621435
508962143
350896214
435089621
143508962
214350896
621435089
962143508
896214350
BREAK
089623145
508962314
450896231
145089623
314508962
231450896
623145089
962314508
896231450
BREAK
089623415
508962341
150896234
415089623
341508962
234150896
623415089
962341508
896234150
BREAK
089624135
508962413
350896241
135089624
413508962
241350896
624135089
962413508
896241350
BREAK
089624315
508962431
150896243
315089624
431508962
243150896
624315089
962431508
896243150
BREAK
091324685
509132468
850913246
685091324
468509132
246850913
324685091
132468509
913246850
BREAK
091324865
509132486
650913248
865091324
486509132
248650913
324865091
132486509
913248650
BREAK
091326485
509132648
850913264
485091326
648509132
264850913
326485091
132648509
913264850
BREAK
091326845
509132684
450913268
845091326
684509132
268450913
326845091
132684509
913268450
BREAK
091328465
509132846
650913284
465091328
846509132
284650913
328465091
132846509
913284650
BREAK
091328645
509132864
450913286
645091328
864509132
286450913
328645091
132864509
913286450
BREAK
091423685
509142368
850914236
685091423
368509142
236850914
423685091
142368509
914236850
BREAK
091423865
509142386
650914238
865091423
386509142
238650914
423865091
142386509
914238650
BREAK
091426385
509142638
850914263
385091426
638509142
263850914
426385091
142638509
914263850
BREAK
091426835
509142683
350914268
835091426
683509142
268350914
426835091
142683509
914268350
BREAK
091428365
509142836
650914283
365091428
836509142
283650914
428365091
142836509
914283650
BREAK
091428635
509142863
350914286
635091428
863509142
286350914
428635091
142863509
914286350
BREAK
091623485
509162348
850916234
485091623
348509162
234850916
623485091
162348509
916234850
BREAK
091623845
509162384
450916238
845091623
384509162
238450916
623845091
162384509
916238450
BREAK
091624385
509162438
850916243
385091624
438509162
243850916
624385091
162438509
916243850
BREAK
091624835
509162483
350916248
835091624
483509162
248350916
624835091
162483509
916248350
BREAK
091628345
509162834
450916283
345091628
834509162
283450916
628345091
162834509
916283450
BREAK
091628435
509162843
350916284
435091628
843509162
284350916
628435091
162843509
916284350
BREAK
091823465
509182346
650918234
465091823
346509182
234650918
823465091
182346509
918234650
BREAK
091823645
509182364
450918236
645091823
364509182
236450918
823645091
182364509
918236450
BREAK
091824365
509182436
650918243
365091824
436509182
243650918
824365091
182436509
918243650
BREAK
091824635
509182463
350918246
635091824
463509182
246350918
824635091
182463509
918246350
BREAK
091826345
509182634
450918263
345091826
634509182
263450918
826345091
182634509
918263450
BREAK
091826435
509182643
350918264
435091826
643509182
264350918
826435091
182643509
918264350
BREAK
093124685
509312468
850931246
685093124
468509312
246850931
124685093
312468509
931246850
BREAK
093124865
509312486
650931248
865093124
486509312
248650931
124865093
312486509
931248650
BREAK
093126485
509312648
850931264
485093126
648509312
264850931
126485093
312648509
931264850
BREAK
093126845
509312684
450931268
845093126
684509312
268450931
126845093
312684509
931268450
BREAK
093128465
509312846
650931284
465093128
846509312
284650931
128465093
312846509
931284650
BREAK
093128645
509312864
450931286
645093128
864509312
286450931
128645093
312864509
931286450
BREAK
093421685
509342168
850934216
685093421
168509342
216850934
421685093
342168509
934216850
BREAK
093421865
509342186
650934218
865093421
186509342
218650934
421865093
342186509
934218650
BREAK
093426185
509342618
850934261
185093426
618509342
261850934
426185093
342618509
934261850
BREAK
093426815
509342681
150934268
815093426
681509342
268150934
426815093
342681509
934268150
BREAK
093428165
509342816
650934281
165093428
816509342
281650934
428165093
342816509
934281650
BREAK
093428615
509342861
150934286
615093428
861509342
286150934
428615093
342861509
934286150
BREAK
093621485
509362148
850936214
485093621
148509362
214850936
621485093
362148509
936214850
BREAK
093621845
509362184
450936218
845093621
184509362
218450936
621845093
362184509
936218450
BREAK
093624185
509362418
850936241
185093624
418509362
241850936
624185093
362418509
936241850
BREAK
093624815
509362481
150936248
815093624
481509362
248150936
624815093
362481509
936248150
BREAK
093628145
509362814
450936281
145093628
814509362
281450936
628145093
362814509
936281450
BREAK
093628415
509362841
150936284
415093628
841509362
284150936
628415093
362841509
936284150
BREAK
093821465
509382146
650938214
465093821
146509382
214650938
821465093
382146509
938214650
BREAK
093821645
509382164
450938216
645093821
164509382
216450938
821645093
382164509
938216450
BREAK
093824165
509382416
650938241
165093824
416509382
241650938
824165093
382416509
938241650
BREAK
093824615
509382461
150938246
615093824
461509382
246150938
824615093
382461509
938246150
BREAK
093826145
509382614
450938261
145093826
614509382
261450938
826145093
382614509
938261450
BREAK
093826415
509382641
150938264
415093826
641509382
264150938
826415093
382641509
938264150
BREAK
094123685
509412368
850941236
685094123
368509412
236850941
123685094
412368509
941236850
BREAK
094123865
509412386
650941238
865094123
386509412
238650941
123865094
412386509
941238650
BREAK
094126385
509412638
850941263
385094126
638509412
263850941
126385094
412638509
941263850
BREAK
094126835
509412683
350941268
835094126
683509412
268350941
126835094
412683509
941268350
BREAK
094128365
509412836
650941283
365094128
836509412
283650941
128365094
412836509
941283650
BREAK
094128635
509412863
350941286
635094128
863509412
286350941
128635094
412863509
941286350
BREAK
094321685
509432168
850943216
685094321
168509432
216850943
321685094
432168509
943216850
BREAK
094321865
509432186
650943218
865094321
186509432
218650943
321865094
432186509
943218650
BREAK
094326185
509432618
850943261
185094326
618509432
261850943
326185094
432618509
943261850
BREAK
094326815
509432681
150943268
815094326
681509432
268150943
326815094
432681509
943268150
BREAK
094328165
509432816
650943281
165094328
816509432
281650943
328165094
432816509
943281650
BREAK
094328615
509432861
150943286
615094328
861509432
286150943
328615094
432861509
943286150
BREAK
094621385
509462138
850946213
385094621
138509462
213850946
621385094
462138509
946213850
BREAK
094621835
509462183
350946218
835094621
183509462
218350946
621835094
462183509
946218350
BREAK
094623185
509462318
850946231
185094623
318509462
231850946
623185094
462318509
946231850
BREAK
094623815
509462381
150946238
815094623
381509462
238150946
623815094
462381509
946238150
BREAK
094628135
509462813
350946281
135094628
813509462
281350946
628135094
462813509
946281350
BREAK
094628315
509462831
150946283
315094628
831509462
283150946
628315094
462831509
946283150
BREAK
094821365
509482136
650948213
365094821
136509482
213650948
821365094
482136509
948213650
BREAK
094821635
509482163
350948216
635094821
163509482
216350948
821635094
482163509
948216350
BREAK
094823165
509482316
650948231
165094823
316509482
231650948
823165094
482316509
948231650
BREAK
094823615
509482361
150948236
615094823
361509482
236150948
823615094
482361509
948236150
BREAK
094826135
509482613
350948261
135094826
613509482
261350948
826135094
482613509
948261350
BREAK
094826315
509482631
150948263
315094826
631509482
263150948
826315094
482631509
948263150
BREAK
096123485
509612348
850961234
485096123
348509612
234850961
123485096
612348509
961234850
BREAK
096123845
509612384
450961238
845096123
384509612
238450961
123845096
612384509
961238450
BREAK
096124385
509612438
850961243
385096124
438509612
243850961
124385096
612438509
961243850
BREAK
096124835
509612483
350961248
835096124
483509612
248350961
124835096
612483509
961248350
BREAK
096128345
509612834
450961283
345096128
834509612
283450961
128345096
612834509
961283450
BREAK
096128435
509612843
350961284
435096128
843509612
284350961
128435096
612843509
961284350
BREAK
096321485
509632148
850963214
485096321
148509632
214850963
321485096
632148509
963214850
BREAK
096321845
509632184
450963218
845096321
184509632
218450963
321845096
632184509
963218450
BREAK
096324185
509632418
850963241
185096324
418509632
241850963
324185096
632418509
963241850
BREAK
096324815
509632481
150963248
815096324
481509632
248150963
324815096
632481509
963248150
BREAK
096328145
509632814
450963281
145096328
814509632
281450963
328145096
632814509
963281450
BREAK
096328415
509632841
150963284
415096328
841509632
284150963
328415096
632841509
963284150
BREAK
096421385
509642138
850964213
385096421
138509642
213850964
421385096
642138509
964213850
BREAK
096421835
509642183
350964218
835096421
183509642
218350964
421835096
642183509
964218350
BREAK
096423185
509642318
850964231
185096423
318509642
231850964
423185096
642318509
964231850
BREAK
096423815
509642381
150964238
815096423
381509642
238150964
423815096
642381509
964238150
BREAK
096428135
509642813
350964281
135096428
813509642
281350964
428135096
642813509
964281350
BREAK
096428315
509642831
150964283
315096428
831509642
283150964
428315096
642831509
964283150
BREAK
096821345
509682134
450968213
345096821
134509682
213450968
821345096
682134509
968213450
BREAK
096821435
509682143
350968214
435096821
143509682
214350968
821435096
682143509
968214350
BREAK
096823145
509682314
450968231
145096823
314509682
231450968
823145096
682314509
968231450
BREAK
096823415
509682341
150968234
415096823
341509682
234150968
823415096
682341509
968234150
BREAK
096824135
509682413
350968241
135096824
413509682
241350968
824135096
682413509
968241350
BREAK
096824315
509682431
150968243
315096824
431509682
243150968
824315096
682431509
968243150
BREAK
098123465
509812346
650981234
465098123
346509812
234650981
123465098
812346509
981234650
BREAK
098123645
509812364
450981236
645098123
364509812
236450981
123645098
812364509
981236450
BREAK
098124365
509812436
650981243
365098124
436509812
243650981
124365098
812436509
981243650
BREAK
098124635
509812463
350981246
635098124
463509812
246350981
124635098
812463509
981246350
BREAK
098126345
509812634
450981263
345098126
634509812
263450981
126345098
812634509
981263450
BREAK
098126435
509812643
350981264
435098126
643509812
264350981
126435098
812643509
981264350
BREAK
098321465
509832146
650983214
465098321
146509832
214650983
321465098
832146509
983214650
BREAK
098321645
509832164
450983216
645098321
164509832
216450983
321645098
832164509
983216450
BREAK
098324165
509832416
650983241
165098324
416509832
241650983
324165098
832416509
983241650
BREAK
098324615
509832461
150983246
615098324
461509832
246150983
324615098
832461509
983246150
BREAK
098326145
509832614
450983261
145098326
614509832
261450983
326145098
832614509
983261450
BREAK
098326415
509832641
150983264
415098326
641509832
264150983
326415098
832641509
983264150
BREAK
098421365
509842136
650984213
365098421
136509842
213650984
421365098
842136509
984213650
BREAK
098421635
509842163
350984216
635098421
163509842
216350984
421635098
842163509
984216350
BREAK
098423165
509842316
650984231
165098423
316509842
231650984
423165098
842316509
984231650
BREAK
098423615
509842361
150984236
615098423
361509842
236150984
423615098
842361509
984236150
BREAK
098426135
509842613
350984261
135098426
613509842
261350984
426135098
842613509
984261350
BREAK
098426315
509842631
150984263
315098426
631509842
263150984
426315098
842631509
984263150
BREAK
098621345
509862134
450986213
345098621
134509862
213450986
621345098
862134509
986213450
BREAK
098621435
509862143
350986214
435098621
143509862
214350986
621435098
862143509
986214350
BREAK
098623145
509862314
450986231
145098623
314509862
231450986
623145098
862314509
986231450
BREAK
098623415
509862341
150986234
415098623
341509862
234150986
623415098
862341509
986234150
BREAK
098624135
509862413
350986241
135098624
413509862
241350986
624135098
862413509
986241350
BREAK
098624315
509862431
150986243
315098624
431509862
243150986
624315098
862431509
986243150
