BREAK
013426795
501342679
950134267
795013426
679501342
267950134
426795013
342679501
134267950
BREAK
013426975
501342697
750134269
975013426
697501342
269750134
426975013
342697501
134269750
BREAK
013427695
501342769
950134276
695013427
769501342
276950134
427695013
342769501
134276950
BREAK
013427965
501342796
650134279
965013427
796501342
279650134
427965013
342796501
134279650
BREAK
013429675
501342967
750134296
675013429
967501342
296750134
429675013
342967501
134296750
BREAK
013429765
501342976
650134297
765013429
976501342
297650134
429765013
342976501
134297650
BREAK
013624795
501362479
950136247
795013624
479501362
247950136
624795013
362479501
136247950
BREAK
013624975
501362497
750136249
975013624
497501362
249750136
624975013
362497501
136249750
BREAK
013627495
501362749
950136274
495013627
749501362
274950136
627495013
362749501
136274950
BREAK
013627945
501362794
450136279
945013627
794501362
279450136
627945013
362794501
136279450
BREAK
013629475
501362947
750136294
475013629
947501362
294750136
629475013
362947501
136294750
BREAK
013629745
501362974
450136297
745013629
974501362
297450136
629745013
362974501
136297450
BREAK
013724695
501372469
950137246
695013724
469501372
246950137
724695013
372469501
137246950
BREAK
013724965
501372496
650137249
965013724
496501372
249650137
724965013
372496501
137249650
BREAK
013726495
501372649
950137264
495013726
649501372
264950137
726495013
372649501
137264950
BREAK
013726945
501372694
450137269
945013726
694501372
269450137
726945013
372694501
137269450
BREAK
013729465
501372946
650137294
465013729
946501372
294650137
729465013
372946501
137294650
BREAK
013729645
501372964
450137296
645013729
964501372
296450137
729645013
372964501
137296450
BREAK
013924675
501392467
750139246
675013924
467501392
246750139
924675013
392467501
139246750
BREAK
013924765
501392476
650139247
765013924
476501392
247650139
924765013
392476501
139247650
BREAK
013926475
501392647
750139264
475013926
647501392
264750139
926475013
392647501
139264750
BREAK
013926745
501392674
450139267
745013926
674501392
267450139
926745013
392674501
139267450
BREAK
013927465
501392746
650139274
465013927
746501392
274650139
927465013
392746501
139274650
BREAK
013927645
501392764
450139276
645013927
764501392
276450139
927645013
392764501
139276450
BREAK
014326795
501432679
950143267
795014326
679501432
267950143
326795014
432679501
143267950
BREAK
014326975
501432697
750143269
975014326
697501432
269750143
326975014
432697501
143269750
BREAK
014327695
501432769
950143276
695014327
769501432
276950143
327695014
432769501
143276950
BREAK
014327965
501432796
650143279
965014327
796501432
279650143
327965014
432796501
143279650
BREAK
014329675
501432967
750143296
675014329
967501432
296750143
329675014
432967501
143296750
BREAK
014329765
501432976
650143297
765014329
976501432
297650143
329765014
432976501
143297650
BREAK
014623795
501462379
950146237
795014623
379501462
237950146
623795014
462379501
146237950
BREAK
014623975
501462397
750146239
975014623
397501462
239750146
623975014
462397501
146239750
BREAK
014627395
501462739
950146273
395014627
739501462
273950146
627395014
462739501
146273950
BREAK
014627935
501462793
350146279
935014627
793501462
279350146
627935014
462793501
146279350
BREAK
014629375
501462937
750146293
375014629
937501462
293750146
629375014
462937501
146293750
BREAK
014629735
501462973
350146297
735014629
973501462
297350146
629735014
462973501
146297350
BREAK
014723695
501472369
950147236
695014723
369501472
236950147
723695014
472369501
147236950
BREAK
014723965
501472396
650147239
965014723
396501472
239650147
723965014
472396501
147239650
BREAK
014726395
501472639
950147263
395014726
639501472
263950147
726395014
472639501
147263950
BREAK
014726935
501472693
350147269
935014726
693501472
269350147
726935014
472693501
147269350
BREAK
014729365
501472936
650147293
365014729
936501472
293650147
729365014
472936501
147293650
BREAK
014729635
501472963
350147296
635014729
963501472
296350147
729635014
472963501
147296350
BREAK
014923675
501492367
750149236
675014923
367501492
236750149
923675014
492367501
149236750
BREAK
014923765
501492376
650149237
765014923
376501492
237650149
923765014
492376501
149237650
BREAK
014926375
501492637
750149263
375014926
637501492
263750149
926375014
492637501
149263750
BREAK
014926735
501492673
350149267
735014926
673501492
267350149
926735014
492673501
149267350
BREAK
014927365
501492736
650149273
365014927
736501492
273650149
927365014
492736501
149273650
BREAK
014927635
501492763
350149276
635014927
763501492
276350149
927635014
492763501
149276350
BREAK
016324795
501632479
950163247
795016324
479501632
247950163
324795016
632479501
163247950
BREAK
016324975
501632497
750163249
975016324
497501632
249750163
324975016
632497501
163249750
BREAK
016327495
501632749
950163274
495016327
749501632
274950163
327495016
632749501
163274950
BREAK
016327945
501632794
450163279
945016327
794501632
279450163
327945016
632794501
163279450
BREAK
016329475
501632947
750163294
475016329
947501632
294750163
329475016
632947501
163294750
BREAK
016329745
501632974
450163297
745016329
974501632
297450163
329745016
632974501
163297450
BREAK
016423795
501642379
950164237
795016423
379501642
237950164
423795016
642379501
164237950
BREAK
016423975
501642397
750164239
975016423
397501642
239750164
423975016
642397501
164239750
BREAK
016427395
501642739
950164273
395016427
739501642
273950164
427395016
642739501
164273950
BREAK
016427935
501642793
350164279
935016427
793501642
279350164
427935016
642793501
164279350
BREAK
016429375
501642937
750164293
375016429
937501642
293750164
429375016
642937501
164293750
BREAK
016429735
501642973
350164297
735016429
973501642
297350164
429735016
642973501
164297350
BREAK
016723495
501672349
950167234
495016723
349501672
234950167
723495016
672349501
167234950
BREAK
016723945
501672394
450167239
945016723
394501672
239450167
723945016
672394501
167239450
BREAK
016724395
501672439
950167243
395016724
439501672
243950167
724395016
672439501
167243950
BREAK
016724935
501672493
350167249
935016724
493501672
249350167
724935016
672493501
167249350
BREAK
016729345
501672934
450167293
345016729
934501672
293450167
729345016
672934501
167293450
BREAK
016729435
501672943
350167294
435016729
943501672
294350167
729435016
672943501
167294350
BREAK
016923475
501692347
750169234
475016923
347501692
234750169
923475016
692347501
169234750
BREAK
016923745
501692374
450169237
745016923
374501692
237450169
923745016
692374501
169237450
BREAK
016924375
501692437
750169243
375016924
437501692
243750169
924375016
692437501
169243750
BREAK
016924735
501692473
350169247
735016924
473501692
247350169
924735016
692473501
169247350
BREAK
016927345
501692734
450169273
345016927
734501692
273450169
927345016
692734501
169273450
BREAK
016927435
501692743
350169274
435016927
743501692
274350169
927435016
692743501
169274350
BREAK
017324695
501732469
950173246
695017324
469501732
246950173
324695017
732469501
173246950
BREAK
017324965
501732496
650173249
965017324
496501732
249650173
324965017
732496501
173249650
BREAK
017326495
501732649
950173264
495017326
649501732
264950173
326495017
732649501
173264950
BREAK
017326945
501732694
450173269
945017326
694501732
269450173
326945017
732694501
173269450
BREAK
017329465
501732946
650173294
465017329
946501732
294650173
329465017
732946501
173294650
BREAK
017329645
501732964
450173296
645017329
964501732
296450173
329645017
732964501
173296450
BREAK
017423695
501742369
950174236
695017423
369501742
236950174
423695017
742369501
174236950
BREAK
017423965
501742396
650174239
965017423
396501742
239650174
423965017
742396501
174239650
BREAK
017426395
501742639
950174263
395017426
639501742
263950174
426395017
742639501
174263950
BREAK
017426935
501742693
350174269
935017426
693501742
269350174
426935017
742693501
174269350
BREAK
017429365
501742936
650174293
365017429
936501742
293650174
429365017
742936501
174293650
BREAK
017429635
501742963
350174296
635017429
963501742
296350174
429635017
742963501
174296350
BREAK
017623495
501762349
950176234
495017623
349501762
234950176
623495017
762349501
176234950
BREAK
017623945
501762394
450176239
945017623
394501762
239450176
623945017
762394501
176239450
BREAK
017624395
501762439
950176243
395017624
439501762
243950176
624395017
762439501
176243950
BREAK
017624935
501762493
350176249
935017624
493501762
249350176
624935017
762493501
176249350
BREAK
017629345
501762934
450176293
345017629
934501762
293450176
629345017
762934501
176293450
BREAK
017629435
501762943
350176294
435017629
943501762
294350176
629435017
762943501
176294350
BREAK
017923465
501792346
650179234
465017923
346501792
234650179
923465017
792346501
179234650
BREAK
017923645
501792364
450179236
645017923
364501792
236450179
923645017
792364501
179236450
BREAK
017924365
501792436
650179243
365017924
436501792
243650179
924365017
792436501
179243650
BREAK
017924635
501792463
350179246
635017924
463501792
246350179
924635017
792463501
179246350
BREAK
017926345
501792634
450179263
345017926
634501792
263450179
926345017
792634501
179263450
BREAK
017926435
501792643
350179264
435017926
643501792
264350179
926435017
792643501
179264350
BREAK
019324675
501932467
750193246
675019324
467501932
246750193
324675019
932467501
193246750
BREAK
019324765
501932476
650193247
765019324
476501932
247650193
324765019
932476501
193247650
BREAK
019326475
501932647
750193264
475019326
647501932
264750193
326475019
932647501
193264750
BREAK
019326745
501932674
450193267
745019326
674501932
267450193
326745019
932674501
193267450
BREAK
019327465
501932746
650193274
465019327
746501932
274650193
327465019
932746501
193274650
BREAK
019327645
501932764
450193276
645019327
764501932
276450193
327645019
932764501
193276450
BREAK
019423675
501942367
750194236
675019423
367501942
236750194
423675019
942367501
194236750
BREAK
019423765
501942376
650194237
765019423
376501942
237650194
423765019
942376501
194237650
BREAK
019426375
501942637
750194263
375019426
637501942
263750194
426375019
942637501
194263750
BREAK
019426735
501942673
350194267
735019426
673501942
267350194
426735019
942673501
194267350
BREAK
019427365
501942736
650194273
365019427
736501942
273650194
427365019
942736501
194273650
BREAK
019427635
501942763
350194276
635019427
763501942
276350194
427635019
942763501
194276350
BREAK
019623475
501962347
750196234
475019623
347501962
234750196
623475019
962347501
196234750
BREAK
019623745
501962374
450196237
745019623
374501962
237450196
623745019
962374501
196237450
BREAK
019624375
501962437
750196243
375019624
437501962
243750196
624375019
962437501
196243750
BREAK
019624735
501962473
350196247
735019624
473501962
247350196
624735019
962473501
196247350
BREAK
019627345
501962734
450196273
345019627
734501962
273450196
627345019
962734501
196273450
BREAK
019627435
501962743
350196274
435019627
743501962
274350196
627435019
962743501
196274350
BREAK
019723465
501972346
650197234
465019723
346501972
234650197
723465019
972346501
197234650
BREAK
019723645
501972364
450197236
645019723
364501972
236450197
723645019
972364501
197236450
BREAK
019724365
501972436
650197243
365019724
436501972
243650197
724365019
972436501
197243650
BREAK
019724635
501972463
350197246
635019724
463501972
246350197
724635019
972463501
197246350
BREAK
019726345
501972634
450197263
345019726
634501972
263450197
726345019
972634501
197263450
BREAK
019726435
501972643
350197264
435019726
643501972
264350197
726435019
972643501
197264350
BREAK
031426795
503142679
950314267
795031426
679503142
267950314
426795031
142679503
314267950
BREAK
031426975
503142697
750314269
975031426
697503142
269750314
426975031
142697503
314269750
BREAK
031427695
503142769
950314276
695031427
769503142
276950314
427695031
142769503
314276950
BREAK
031427965
503142796
650314279
965031427
796503142
279650314
427965031
142796503
314279650
BREAK
031429675
503142967
750314296
675031429
967503142
296750314
429675031
142967503
314296750
BREAK
031429765
503142976
650314297
765031429
976503142
297650314
429765031
142976503
314297650
BREAK
031624795
503162479
950316247
795031624
479503162
247950316
624795031
162479503
316247950
BREAK
031624975
503162497
750316249
975031624
497503162
249750316
624975031
162497503
316249750
BREAK
031627495
503162749
950316274
495031627
749503162
274950316
627495031
162749503
316274950
BREAK
031627945
503162794
450316279
945031627
794503162
279450316
627945031
162794503
316279450
BREAK
031629475
503162947
750316294
475031629
947503162
294750316
629475031
162947503
316294750
BREAK
031629745
503162974
450316297
745031629
974503162
297450316
629745031
162974503
316297450
BREAK
031724695
503172469
950317246
695031724
469503172
246950317
724695031
172469503
317246950
BREAK
031724965
503172496
650317249
965031724
496503172
249650317
724965031
172496503
317249650
BREAK
031726495
503172649
950317264
495031726
649503172
264950317
726495031
172649503
317264950
BREAK
031726945
503172694
450317269
945031726
694503172
269450317
726945031
172694503
317269450
BREAK
031729465
503172946
650317294
465031729
946503172
294650317
729465031
172946503
317294650
BREAK
031729645
503172964
450317296
645031729
964503172
296450317
729645031
172964503
317296450
BREAK
031924675
503192467
750319246
675031924
467503192
246750319
924675031
192467503
319246750
BREAK
031924765
503192476
650319247
765031924
476503192
247650319
924765031
192476503
319247650
BREAK
031926475
503192647
750319264
475031926
647503192
264750319
926475031
192647503
319264750
BREAK
031926745
503192674
450319267
745031926
674503192
267450319
926745031
192674503
319267450
BREAK
031927465
503192746
650319274
465031927
746503192
274650319
927465031
192746503
319274650
BREAK
031927645
503192764
450319276
645031927
764503192
276450319
927645031
192764503
319276450
BREAK
034126795
503412679
950341267
795034126
679503412
267950341
126795034
412679503
341267950
BREAK
034126975
503412697
750341269
975034126
697503412
269750341
126975034
412697503
341269750
BREAK
034127695
503412769
950341276
695034127
769503412
276950341
127695034
412769503
341276950
BREAK
034127965
503412796
650341279
965034127
796503412
279650341
127965034
412796503
341279650
BREAK
034129675
503412967
750341296
675034129
967503412
296750341
129675034
412967503
341296750
BREAK
034129765
503412976
650341297
765034129
976503412
297650341
129765034
412976503
341297650
BREAK
034621795
503462179
950346217
795034621
179503462
217950346
621795034
462179503
346217950
BREAK
034621975
503462197
750346219
975034621
197503462
219750346
621975034
462197503
346219750
BREAK
034627195
503462719
950346271
195034627
719503462
271950346
627195034
462719503
346271950
BREAK
034627915
503462791
150346279
915034627
791503462
279150346
627915034
462791503
346279150
BREAK
034629175
503462917
750346291
175034629
917503462
291750346
629175034
462917503
346291750
BREAK
034629715
503462971
150346297
715034629
971503462
297150346
629715034
462971503
346297150
BREAK
034721695
503472169
950347216
695034721
169503472
216950347
721695034
472169503
347216950
BREAK
034721965
503472196
650347219
965034721
196503472
219650347
721965034
472196503
347219650
BREAK
034726195
503472619
950347261
195034726
619503472
261950347
726195034
472619503
347261950
BREAK
034726915
503472691
150347269
915034726
691503472
269150347
726915034
472691503
347269150
BREAK
034729165
503472916
650347291
165034729
916503472
291650347
729165034
472916503
347291650
BREAK
034729615
503472961
150347296
615034729
961503472
296150347
729615034
472961503
347296150
BREAK
034921675
503492167
750349216
675034921
167503492
216750349
921675034
492167503
349216750
BREAK
034921765
503492176
650349217
765034921
176503492
217650349
921765034
492176503
349217650
BREAK
034926175
503492617
750349261
175034926
617503492
261750349
926175034
492617503
349261750
BREAK
034926715
503492671
150349267
715034926
671503492
267150349
926715034
492671503
349267150
BREAK
034927165
503492716
650349271
165034927
716503492
271650349
927165034
492716503
349271650
BREAK
034927615
503492761
150349276
615034927
761503492
276150349
927615034
492761503
349276150
BREAK
036124795
503612479
950361247
795036124
479503612
247950361
124795036
612479503
361247950
BREAK
036124975
503612497
750361249
975036124
497503612
249750361
124975036
612497503
361249750
BREAK
036127495
503612749
950361274
495036127
749503612
274950361
127495036
612749503
361274950
BREAK
036127945
503612794
450361279
945036127
794503612
279450361
127945036
612794503
361279450
BREAK
036129475
503612947
750361294
475036129
947503612
294750361
129475036
612947503
361294750
BREAK
036129745
503612974
450361297
745036129
974503612
297450361
129745036
612974503
361297450
BREAK
036421795
503642179
950364217
795036421
179503642
217950364
421795036
642179503
364217950
BREAK
036421975
503642197
750364219
975036421
197503642
219750364
421975036
642197503
364219750
BREAK
036427195
503642719
950364271
195036427
719503642
271950364
427195036
642719503
364271950
BREAK
036427915
503642791
150364279
915036427
791503642
279150364
427915036
642791503
364279150
BREAK
036429175
503642917
750364291
175036429
917503642
291750364
429175036
642917503
364291750
BREAK
036429715
503642971
150364297
715036429
971503642
297150364
429715036
642971503
364297150
BREAK
036721495
503672149
950367214
495036721
149503672
214950367
721495036
672149503
367214950
BREAK
036721945
503672194
450367219
945036721
194503672
219450367
721945036
672194503
367219450
BREAK
036724195
503672419
950367241
195036724
419503672
241950367
724195036
672419503
367241950
BREAK
036724915
503672491
150367249
915036724
491503672
249150367
724915036
672491503
367249150
BREAK
036729145
503672914
450367291
145036729
914503672
291450367
729145036
672914503
367291450
BREAK
036729415
503672941
150367294
415036729
941503672
294150367
729415036
672941503
367294150
BREAK
036921475
503692147
750369214
475036921
147503692
214750369
921475036
692147503
369214750
BREAK
036921745
503692174
450369217
745036921
174503692
217450369
921745036
692174503
369217450
BREAK
036924175
503692417
750369241
175036924
417503692
241750369
924175036
692417503
369241750
BREAK
036924715
503692471
150369247
715036924
471503692
247150369
924715036
692471503
369247150
BREAK
036927145
503692714
450369271
145036927
714503692
271450369
927145036
692714503
369271450
BREAK
036927415
503692741
150369274
415036927
741503692
274150369
927415036
692741503
369274150
BREAK
037124695
503712469
950371246
695037124
469503712
246950371
124695037
712469503
371246950
BREAK
037124965
503712496
650371249
965037124
496503712
249650371
124965037
712496503
371249650
BREAK
037126495
503712649
950371264
495037126
649503712
264950371
126495037
712649503
371264950
BREAK
037126945
503712694
450371269
945037126
694503712
269450371
126945037
712694503
371269450
BREAK
037129465
503712946
650371294
465037129
946503712
294650371
129465037
712946503
371294650
BREAK
037129645
503712964
450371296
645037129
964503712
296450371
129645037
712964503
371296450
BREAK
037421695
503742169
950374216
695037421
169503742
216950374
421695037
742169503
374216950
BREAK
037421965
503742196
650374219
965037421
196503742
219650374
421965037
742196503
374219650
BREAK
037426195
503742619
950374261
195037426
619503742
261950374
426195037
742619503
374261950
BREAK
037426915
503742691
150374269
915037426
691503742
269150374
426915037
742691503
374269150
BREAK
037429165
503742916
650374291
165037429
916503742
291650374
429165037
742916503
374291650
BREAK
037429615
503742961
150374296
615037429
961503742
296150374
429615037
742961503
374296150
BREAK
037621495
503762149
950376214
495037621
149503762
214950376
621495037
762149503
376214950
BREAK
037621945
503762194
450376219
945037621
194503762
219450376
621945037
762194503
376219450
BREAK
037624195
503762419
950376241
195037624
419503762
241950376
624195037
762419503
376241950
BREAK
037624915
503762491
150376249
915037624
491503762
249150376
624915037
762491503
376249150
BREAK
037629145
503762914
450376291
145037629
914503762
291450376
629145037
762914503
376291450
BREAK
037629415
503762941
150376294
415037629
941503762
294150376
629415037
762941503
376294150
BREAK
037921465
503792146
650379214
465037921
146503792
214650379
921465037
792146503
379214650
BREAK
037921645
503792164
450379216
645037921
164503792
216450379
921645037
792164503
379216450
BREAK
037924165
503792416
650379241
165037924
416503792
241650379
924165037
792416503
379241650
BREAK
037924615
503792461
150379246
615037924
461503792
246150379
924615037
792461503
379246150
BREAK
037926145
503792614
450379261
145037926
614503792
261450379
926145037
792614503
379261450
BREAK
037926415
503792641
150379264
415037926
641503792
264150379
926415037
792641503
379264150
BREAK
039124675
503912467
750391246
675039124
467503912
246750391
124675039
912467503
391246750
BREAK
039124765
503912476
650391247
765039124
476503912
247650391
124765039
912476503
391247650
BREAK
039126475
503912647
750391264
475039126
647503912
264750391
126475039
912647503
391264750
BREAK
039126745
503912674
450391267
745039126
674503912
267450391
126745039
912674503
391267450
BREAK
039127465
503912746
650391274
465039127
746503912
274650391
127465039
912746503
391274650
BREAK
039127645
503912764
450391276
645039127
764503912
276450391
127645039
912764503
391276450
BREAK
039421675
503942167
750394216
675039421
167503942
216750394
421675039
942167503
394216750
BREAK
039421765
503942176
650394217
765039421
176503942
217650394
421765039
942176503
394217650
BREAK
039426175
503942617
750394261
175039426
617503942
261750394
426175039
942617503
394261750
BREAK
039426715
503942671
150394267
715039426
671503942
267150394
426715039
942671503
394267150
BREAK
039427165
503942716
650394271
165039427
716503942
271650394
427165039
942716503
394271650
BREAK
039427615
503942761
150394276
615039427
761503942
276150394
427615039
942761503
394276150
BREAK
039621475
503962147
750396214
475039621
147503962
214750396
621475039
962147503
396214750
BREAK
039621745
503962174
450396217
745039621
174503962
217450396
621745039
962174503
396217450
BREAK
039624175
503962417
750396241
175039624
417503962
241750396
624175039
962417503
396241750
BREAK
039624715
503962471
150396247
715039624
471503962
247150396
624715039
962471503
396247150
BREAK
039627145
503962714
450396271
145039627
714503962
271450396
627145039
962714503
396271450
BREAK
039627415
503962741
150396274
415039627
741503962
274150396
627415039
962741503
396274150
BREAK
039721465
503972146
650397214
465039721
146503972
214650397
721465039
972146503
397214650
BREAK
039721645
503972164
450397216
645039721
164503972
216450397
721645039
972164503
397216450
BREAK
039724165
503972416
650397241
165039724
416503972
241650397
724165039
972416503
397241650
BREAK
039724615
503972461
150397246
615039724
461503972
246150397
724615039
972461503
397246150
BREAK
039726145
503972614
450397261
145039726
614503972
261450397
726145039
972614503
397261450
BREAK
039726415
503972641
150397264
415039726
641503972
264150397
726415039
972641503
397264150
BREAK
041326795
504132679
950413267
795041326
679504132
267950413
326795041
132679504
413267950
BREAK
041326975
504132697
750413269
975041326
697504132
269750413
326975041
132697504
413269750
BREAK
041327695
504132769
950413276
695041327
769504132
276950413
327695041
132769504
413276950
BREAK
041327965
504132796
650413279
965041327
796504132
279650413
327965041
132796504
413279650
BREAK
041329675
504132967
750413296
675041329
967504132
296750413
329675041
132967504
413296750
BREAK
041329765
504132976
650413297
765041329
976504132
297650413
329765041
132976504
413297650
BREAK
041623795
504162379
950416237
795041623
379504162
237950416
623795041
162379504
416237950
BREAK
041623975
504162397
750416239
975041623
397504162
239750416
623975041
162397504
416239750
BREAK
041627395
504162739
950416273
395041627
739504162
273950416
627395041
162739504
416273950
BREAK
041627935
504162793
350416279
935041627
793504162
279350416
627935041
162793504
416279350
BREAK
041629375
504162937
750416293
375041629
937504162
293750416
629375041
162937504
416293750
BREAK
041629735
504162973
350416297
735041629
973504162
297350416
629735041
162973504
416297350
BREAK
041723695
504172369
950417236
695041723
369504172
236950417
723695041
172369504
417236950
BREAK
041723965
504172396
650417239
965041723
396504172
239650417
723965041
172396504
417239650
BREAK
041726395
504172639
950417263
395041726
639504172
263950417
726395041
172639504
417263950
BREAK
041726935
504172693
350417269
935041726
693504172
269350417
726935041
172693504
417269350
BREAK
041729365
504172936
650417293
365041729
936504172
293650417
729365041
172936504
417293650
BREAK
041729635
504172963
350417296
635041729
963504172
296350417
729635041
172963504
417296350
BREAK
041923675
504192367
750419236
675041923
367504192
236750419
923675041
192367504
419236750
BREAK
041923765
504192376
650419237
765041923
376504192
237650419
923765041
192376504
419237650
BREAK
041926375
504192637
750419263
375041926
637504192
263750419
926375041
192637504
419263750
BREAK
041926735
504192673
350419267
735041926
673504192
267350419
926735041
192673504
419267350
BREAK
041927365
504192736
650419273
365041927
736504192
273650419
927365041
192736504
419273650
BREAK
041927635
504192763
350419276
635041927
763504192
276350419
927635041
192763504
419276350
BREAK
043126795
504312679
950431267
795043126
679504312
267950431
126795043
312679504
431267950
BREAK
043126975
504312697
750431269
975043126
697504312
269750431
126975043
312697504
431269750
BREAK
043127695
504312769
950431276
695043127
769504312
276950431
127695043
312769504
431276950
BREAK
043127965
504312796
650431279
965043127
796504312
279650431
127965043
312796504
431279650
BREAK
043129675
504312967
750431296
675043129
967504312
296750431
129675043
312967504
431296750
BREAK
043129765
504312976
650431297
765043129
976504312
297650431
129765043
312976504
431297650
BREAK
043621795
504362179
950436217
795043621
179504362
217950436
621795043
362179504
436217950
BREAK
043621975
504362197
750436219
975043621
197504362
219750436
621975043
362197504
436219750
BREAK
043627195
504362719
950436271
195043627
719504362
271950436
627195043
362719504
436271950
BREAK
043627915
504362791
150436279
915043627
791504362
279150436
627915043
362791504
436279150
BREAK
043629175
504362917
750436291
175043629
917504362
291750436
629175043
362917504
436291750
BREAK
043629715
504362971
150436297
715043629
971504362
297150436
629715043
362971504
436297150
BREAK
043721695
504372169
950437216
695043721
169504372
216950437
721695043
372169504
437216950
BREAK
043721965
504372196
650437219
965043721
196504372
219650437
721965043
372196504
437219650
BREAK
043726195
504372619
950437261
195043726
619504372
261950437
726195043
372619504
437261950
BREAK
043726915
504372691
150437269
915043726
691504372
269150437
726915043
372691504
437269150
BREAK
043729165
504372916
650437291
165043729
916504372
291650437
729165043
372916504
437291650
BREAK
043729615
504372961
150437296
615043729
961504372
296150437
729615043
372961504
437296150
BREAK
043921675
504392167
750439216
675043921
167504392
216750439
921675043
392167504
439216750
BREAK
043921765
504392176
650439217
765043921
176504392
217650439
921765043
392176504
439217650
BREAK
043926175
504392617
750439261
175043926
617504392
261750439
926175043
392617504
439261750
BREAK
043926715
504392671
150439267
715043926
671504392
267150439
926715043
392671504
439267150
BREAK
043927165
504392716
650439271
165043927
716504392
271650439
927165043
392716504
439271650
BREAK
043927615
504392761
150439276
615043927
761504392
276150439
927615043
392761504
439276150
BREAK
046123795
504612379
950461237
795046123
379504612
237950461
123795046
612379504
461237950
BREAK
046123975
504612397
750461239
975046123
397504612
239750461
123975046
612397504
461239750
BREAK
046127395
504612739
950461273
395046127
739504612
273950461
127395046
612739504
461273950
BREAK
046127935
504612793
350461279
935046127
793504612
279350461
127935046
612793504
461279350
BREAK
046129375
504612937
750461293
375046129
937504612
293750461
129375046
612937504
461293750
BREAK
046129735
504612973
350461297
735046129
973504612
297350461
129735046
612973504
461297350
BREAK
046321795
504632179
950463217
795046321
179504632
217950463
321795046
632179504
463217950
BREAK
046321975
504632197
750463219
975046321
197504632
219750463
321975046
632197504
463219750
BREAK
046327195
504632719
950463271
195046327
719504632
271950463
327195046
632719504
463271950
BREAK
046327915
504632791
150463279
915046327
791504632
279150463
327915046
632791504
463279150
BREAK
046329175
504632917
750463291
175046329
917504632
291750463
329175046
632917504
463291750
BREAK
046329715
504632971
150463297
715046329
971504632
297150463
329715046
632971504
463297150
BREAK
046721395
504672139
950467213
395046721
139504672
213950467
721395046
672139504
467213950
BREAK
046721935
504672193
350467219
935046721
193504672
219350467
721935046
672193504
467219350
BREAK
046723195
504672319
950467231
195046723
319504672
231950467
723195046
672319504
467231950
BREAK
046723915
504672391
150467239
915046723
391504672
239150467
723915046
672391504
467239150
BREAK
046729135
504672913
350467291
135046729
913504672
291350467
729135046
672913504
467291350
BREAK
046729315
504672931
150467293
315046729
931504672
293150467
729315046
672931504
467293150
BREAK
046921375
504692137
750469213
375046921
137504692
213750469
921375046
692137504
469213750
BREAK
046921735
504692173
350469217
735046921
173504692
217350469
921735046
692173504
469217350
BREAK
046923175
504692317
750469231
175046923
317504692
231750469
923175046
692317504
469231750
BREAK
046923715
504692371
150469237
715046923
371504692
237150469
923715046
692371504
469237150
BREAK
046927135
504692713
350469271
135046927
713504692
271350469
927135046
692713504
469271350
BREAK
046927315
504692731
150469273
315046927
731504692
273150469
927315046
692731504
469273150
BREAK
047123695
504712369
950471236
695047123
369504712
236950471
123695047
712369504
471236950
BREAK
047123965
504712396
650471239
965047123
396504712
239650471
123965047
712396504
471239650
BREAK
047126395
504712639
950471263
395047126
639504712
263950471
126395047
712639504
471263950
BREAK
047126935
504712693
350471269
935047126
693504712
269350471
126935047
712693504
471269350
BREAK
047129365
504712936
650471293
365047129
936504712
293650471
129365047
712936504
471293650
BREAK
047129635
504712963
350471296
635047129
963504712
296350471
129635047
712963504
471296350
BREAK
047321695
504732169
950473216
695047321
169504732
216950473
321695047
732169504
473216950
BREAK
047321965
504732196
650473219
965047321
196504732
219650473
321965047
732196504
473219650
BREAK
047326195
504732619
950473261
195047326
619504732
261950473
326195047
732619504
473261950
BREAK
047326915
504732691
150473269
915047326
691504732
269150473
326915047
732691504
473269150
BREAK
047329165
504732916
650473291
165047329
916504732
291650473
329165047
732916504
473291650
BREAK
047329615
504732961
150473296
615047329
961504732
296150473
329615047
732961504
473296150
BREAK
047621395
504762139
950476213
395047621
139504762
213950476
621395047
762139504
476213950
BREAK
047621935
504762193
350476219
935047621
193504762
219350476
621935047
762193504
476219350
BREAK
047623195
504762319
950476231
195047623
319504762
231950476
623195047
762319504
476231950
BREAK
047623915
504762391
150476239
915047623
391504762
239150476
623915047
762391504
476239150
BREAK
047629135
504762913
350476291
135047629
913504762
291350476
629135047
762913504
476291350
BREAK
047629315
504762931
150476293
315047629
931504762
293150476
629315047
762931504
476293150
BREAK
047921365
504792136
650479213
365047921
136504792
213650479
921365047
792136504
479213650
BREAK
047921635
504792163
350479216
635047921
163504792
216350479
921635047
792163504
479216350
BREAK
047923165
504792316
650479231
165047923
316504792
231650479
923165047
792316504
479231650
BREAK
047923615
504792361
150479236
615047923
361504792
236150479
923615047
792361504
479236150
BREAK
047926135
504792613
350479261
135047926
613504792
261350479
926135047
792613504
479261350
BREAK
047926315
504792631
150479263
315047926
631504792
263150479
926315047
792631504
479263150
BREAK
049123675
504912367
750491236
675049123
367504912
236750491
123675049
912367504
491236750
BREAK
049123765
504912376
650491237
765049123
376504912
237650491
123765049
912376504
491237650
BREAK
049126375
504912637
750491263
375049126
637504912
263750491
126375049
912637504
491263750
BREAK
049126735
504912673
350491267
735049126
673504912
267350491
126735049
912673504
491267350
BREAK
049127365
504912736
650491273
365049127
736504912
273650491
127365049
912736504
491273650
BREAK
049127635
504912763
350491276
635049127
763504912
276350491
127635049
912763504
491276350
BREAK
049321675
504932167
750493216
675049321
167504932
216750493
321675049
932167504
493216750
BREAK
049321765
504932176
650493217
765049321
176504932
217650493
321765049
932176504
493217650
BREAK
049326175
504932617
750493261
175049326
617504932
261750493
326175049
932617504
493261750
BREAK
049326715
504932671
150493267
715049326
671504932
267150493
326715049
932671504
493267150
BREAK
049327165
504932716
650493271
165049327
716504932
271650493
327165049
932716504
493271650
BREAK
049327615
504932761
150493276
615049327
761504932
276150493
327615049
932761504
493276150
BREAK
049621375
504962137
750496213
375049621
137504962
213750496
621375049
962137504
496213750
BREAK
049621735
504962173
350496217
735049621
173504962
217350496
621735049
962173504
496217350
BREAK
049623175
504962317
750496231
175049623
317504962
231750496
623175049
962317504
496231750
BREAK
049623715
504962371
150496237
715049623
371504962
237150496
623715049
962371504
496237150
BREAK
049627135
504962713
350496271
135049627
713504962
271350496
627135049
962713504
496271350
BREAK
049627315
504962731
150496273
315049627
731504962
273150496
627315049
962731504
496273150
BREAK
049721365
504972136
650497213
365049721
136504972
213650497
721365049
972136504
497213650
BREAK
049721635
504972163
350497216
635049721
163504972
216350497
721635049
972163504
497216350
BREAK
049723165
504972316
650497231
165049723
316504972
231650497
723165049
972316504
497231650
BREAK
049723615
504972361
150497236
615049723
361504972
236150497
723615049
972361504
497236150
BREAK
049726135
504972613
350497261
135049726
613504972
261350497
726135049
972613504
497261350
BREAK
049726315
504972631
150497263
315049726
631504972
263150497
726315049
972631504
497263150
BREAK
061324795
506132479
950613247
795061324
479506132
247950613
324795061
132479506
613247950
BREAK
061324975
506132497
750613249
975061324
497506132
249750613
324975061
132497506
613249750
BREAK
061327495
506132749
950613274
495061327
749506132
274950613
327495061
132749506
613274950
BREAK
061327945
506132794
450613279
945061327
794506132
279450613
327945061
132794506
613279450
BREAK
061329475
506132947
750613294
475061329
947506132
294750613
329475061
132947506
613294750
BREAK
061329745
506132974
450613297
745061329
974506132
297450613
329745061
132974506
613297450
BREAK
061423795
506142379
950614237
795061423
379506142
237950614
423795061
142379506
614237950
BREAK
061423975
506142397
750614239
975061423
397506142
239750614
423975061
142397506
614239750
BREAK
061427395
506142739
950614273
395061427
739506142
273950614
427395061
142739506
614273950
BREAK
061427935
506142793
350614279
935061427
793506142
279350614
427935061
142793506
614279350
BREAK
061429375
506142937
750614293
375061429
937506142
293750614
429375061
142937506
614293750
BREAK
061429735
506142973
350614297
735061429
973506142
297350614
429735061
142973506
614297350
BREAK
061723495
506172349
950617234
495061723
349506172
234950617
723495061
172349506
617234950
BREAK
061723945
506172394
450617239
945061723
394506172
239450617
723945061
172394506
617239450
BREAK
061724395
506172439
950617243
395061724
439506172
243950617
724395061
172439506
617243950
BREAK
061724935
506172493
350617249
935061724
493506172
249350617
724935061
172493506
617249350
BREAK
061729345
506172934
450617293
345061729
934506172
293450617
729345061
172934506
617293450
BREAK
061729435
506172943
350617294
435061729
943506172
294350617
729435061
172943506
617294350
BREAK
061923475
506192347
750619234
475061923
347506192
234750619
923475061
192347506
619234750
BREAK
061923745
506192374
450619237
745061923
374506192
237450619
923745061
192374506
619237450
BREAK
061924375
506192437
750619243
375061924
437506192
243750619
924375061
192437506
619243750
BREAK
061924735
506192473
350619247
735061924
473506192
247350619
924735061
192473506
619247350
BREAK
061927345
506192734
450619273
345061927
734506192
273450619
927345061
192734506
619273450
BREAK
061927435
506192743
350619274
435061927
743506192
274350619
927435061
192743506
619274350
BREAK
063124795
506312479
950631247
795063124
479506312
247950631
124795063
312479506
631247950
BREAK
063124975
506312497
750631249
975063124
497506312
249750631
124975063
312497506
631249750
BREAK
063127495
506312749
950631274
495063127
749506312
274950631
127495063
312749506
631274950
BREAK
063127945
506312794
450631279
945063127
794506312
279450631
127945063
312794506
631279450
BREAK
063129475
506312947
750631294
475063129
947506312
294750631
129475063
312947506
631294750
BREAK
063129745
506312974
450631297
745063129
974506312
297450631
129745063
312974506
631297450
BREAK
063421795
506342179
950634217
795063421
179506342
217950634
421795063
342179506
634217950
BREAK
063421975
506342197
750634219
975063421
197506342
219750634
421975063
342197506
634219750
BREAK
063427195
506342719
950634271
195063427
719506342
271950634
427195063
342719506
634271950
BREAK
063427915
506342791
150634279
915063427
791506342
279150634
427915063
342791506
634279150
BREAK
063429175
506342917
750634291
175063429
917506342
291750634
429175063
342917506
634291750
BREAK
063429715
506342971
150634297
715063429
971506342
297150634
429715063
342971506
634297150
BREAK
063721495
506372149
950637214
495063721
149506372
214950637
721495063
372149506
637214950
BREAK
063721945
506372194
450637219
945063721
194506372
219450637
721945063
372194506
637219450
BREAK
063724195
506372419
950637241
195063724
419506372
241950637
724195063
372419506
637241950
BREAK
063724915
506372491
150637249
915063724
491506372
249150637
724915063
372491506
637249150
BREAK
063729145
506372914
450637291
145063729
914506372
291450637
729145063
372914506
637291450
BREAK
063729415
506372941
150637294
415063729
941506372
294150637
729415063
372941506
637294150
BREAK
063921475
506392147
750639214
475063921
147506392
214750639
921475063
392147506
639214750
BREAK
063921745
506392174
450639217
745063921
174506392
217450639
921745063
392174506
639217450
BREAK
063924175
506392417
750639241
175063924
417506392
241750639
924175063
392417506
639241750
BREAK
063924715
506392471
150639247
715063924
471506392
247150639
924715063
392471506
639247150
BREAK
063927145
506392714
450639271
145063927
714506392
271450639
927145063
392714506
639271450
BREAK
063927415
506392741
150639274
415063927
741506392
274150639
927415063
392741506
639274150
BREAK
064123795
506412379
950641237
795064123
379506412
237950641
123795064
412379506
641237950
BREAK
064123975
506412397
750641239
975064123
397506412
239750641
123975064
412397506
641239750
BREAK
064127395
506412739
950641273
395064127
739506412
273950641
127395064
412739506
641273950
BREAK
064127935
506412793
350641279
935064127
793506412
279350641
127935064
412793506
641279350
BREAK
064129375
506412937
750641293
375064129
937506412
293750641
129375064
412937506
641293750
BREAK
064129735
506412973
350641297
735064129
973506412
297350641
129735064
412973506
641297350
BREAK
064321795
506432179
950643217
795064321
179506432
217950643
321795064
432179506
643217950
BREAK
064321975
506432197
750643219
975064321
197506432
219750643
321975064
432197506
643219750
BREAK
064327195
506432719
950643271
195064327
719506432
271950643
327195064
432719506
643271950
BREAK
064327915
506432791
150643279
915064327
791506432
279150643
327915064
432791506
643279150
BREAK
064329175
506432917
750643291
175064329
917506432
291750643
329175064
432917506
643291750
BREAK
064329715
506432971
150643297
715064329
971506432
297150643
329715064
432971506
643297150
BREAK
064721395
506472139
950647213
395064721
139506472
213950647
721395064
472139506
647213950
BREAK
064721935
506472193
350647219
935064721
193506472
219350647
721935064
472193506
647219350
BREAK
064723195
506472319
950647231
195064723
319506472
231950647
723195064
472319506
647231950
BREAK
064723915
506472391
150647239
915064723
391506472
239150647
723915064
472391506
647239150
BREAK
064729135
506472913
350647291
135064729
913506472
291350647
729135064
472913506
647291350
BREAK
064729315
506472931
150647293
315064729
931506472
293150647
729315064
472931506
647293150
BREAK
064921375
506492137
750649213
375064921
137506492
213750649
921375064
492137506
649213750
BREAK
064921735
506492173
350649217
735064921
173506492
217350649
921735064
492173506
649217350
BREAK
064923175
506492317
750649231
175064923
317506492
231750649
923175064
492317506
649231750
BREAK
064923715
506492371
150649237
715064923
371506492
237150649
923715064
492371506
649237150
BREAK
064927135
506492713
350649271
135064927
713506492
271350649
927135064
492713506
649271350
BREAK
064927315
506492731
150649273
315064927
731506492
273150649
927315064
492731506
649273150
BREAK
067123495
506712349
950671234
495067123
349506712
234950671
123495067
712349506
671234950
BREAK
067123945
506712394
450671239
945067123
394506712
239450671
123945067
712394506
671239450
BREAK
067124395
506712439
950671243
395067124
439506712
243950671
124395067
712439506
671243950
BREAK
067124935
506712493
350671249
935067124
493506712
249350671
124935067
712493506
671249350
BREAK
067129345
506712934
450671293
345067129
934506712
293450671
129345067
712934506
671293450
BREAK
067129435
506712943
350671294
435067129
943506712
294350671
129435067
712943506
671294350
BREAK
067321495
506732149
950673214
495067321
149506732
214950673
321495067
732149506
673214950
BREAK
067321945
506732194
450673219
945067321
194506732
219450673
321945067
732194506
673219450
BREAK
067324195
506732419
950673241
195067324
419506732
241950673
324195067
732419506
673241950
BREAK
067324915
506732491
150673249
915067324
491506732
249150673
324915067
732491506
673249150
BREAK
067329145
506732914
450673291
145067329
914506732
291450673
329145067
732914506
673291450
BREAK
067329415
506732941
150673294
415067329
941506732
294150673
329415067
732941506
673294150
BREAK
067421395
506742139
950674213
395067421
139506742
213950674
421395067
742139506
674213950
BREAK
067421935
506742193
350674219
935067421
193506742
219350674
421935067
742193506
674219350
BREAK
067423195
506742319
950674231
195067423
319506742
231950674
423195067
742319506
674231950
BREAK
067423915
506742391
150674239
915067423
391506742
239150674
423915067
742391506
674239150
BREAK
067429135
506742913
350674291
135067429
913506742
291350674
429135067
742913506
674291350
BREAK
067429315
506742931
150674293
315067429
931506742
293150674
429315067
742931506
674293150
BREAK
067921345
506792134
450679213
345067921
134506792
213450679
921345067
792134506
679213450
BREAK
067921435
506792143
350679214
435067921
143506792
214350679
921435067
792143506
679214350
BREAK
067923145
506792314
450679231
145067923
314506792
231450679
923145067
792314506
679231450
BREAK
067923415
506792341
150679234
415067923
341506792
234150679
923415067
792341506
679234150
BREAK
067924135
506792413
350679241
135067924
413506792
241350679
924135067
792413506
679241350
BREAK
067924315
506792431
150679243
315067924
431506792
243150679
924315067
792431506
679243150
BREAK
069123475
506912347
750691234
475069123
347506912
234750691
123475069
912347506
691234750
BREAK
069123745
506912374
450691237
745069123
374506912
237450691
123745069
912374506
691237450
BREAK
069124375
506912437
750691243
375069124
437506912
243750691
124375069
912437506
691243750
BREAK
069124735
506912473
350691247
735069124
473506912
247350691
124735069
912473506
691247350
BREAK
069127345
506912734
450691273
345069127
734506912
273450691
127345069
912734506
691273450
BREAK
069127435
506912743
350691274
435069127
743506912
274350691
127435069
912743506
691274350
BREAK
069321475
506932147
750693214
475069321
147506932
214750693
321475069
932147506
693214750
BREAK
069321745
506932174
450693217
745069321
174506932
217450693
321745069
932174506
693217450
BREAK
069324175
506932417
750693241
175069324
417506932
241750693
324175069
932417506
693241750
BREAK
069324715
506932471
150693247
715069324
471506932
247150693
324715069
932471506
693247150
BREAK
069327145
506932714
450693271
145069327
714506932
271450693
327145069
932714506
693271450
BREAK
069327415
506932741
150693274
415069327
741506932
274150693
327415069
932741506
693274150
BREAK
069421375
506942137
750694213
375069421
137506942
213750694
421375069
942137506
694213750
BREAK
069421735
506942173
350694217
735069421
173506942
217350694
421735069
942173506
694217350
BREAK
069423175
506942317
750694231
175069423
317506942
231750694
423175069
942317506
694231750
BREAK
069423715
506942371
150694237
715069423
371506942
237150694
423715069
942371506
694237150
BREAK
069427135
506942713
350694271
135069427
713506942
271350694
427135069
942713506
694271350
BREAK
069427315
506942731
150694273
315069427
731506942
273150694
427315069
942731506
694273150
BREAK
069721345
506972134
450697213
345069721
134506972
213450697
721345069
972134506
697213450
BREAK
069721435
506972143
350697214
435069721
143506972
214350697
721435069
972143506
697214350
BREAK
069723145
506972314
450697231
145069723
314506972
231450697
723145069
972314506
697231450
BREAK
069723415
506972341
150697234
415069723
341506972
234150697
723415069
972341506
697234150
BREAK
069724135
506972413
350697241
135069724
413506972
241350697
724135069
972413506
697241350
BREAK
069724315
506972431
150697243
315069724
431506972
243150697
724315069
972431506
697243150
BREAK
071324695
507132469
950713246
695071324
469507132
246950713
324695071
132469507
713246950
BREAK
071324965
507132496
650713249
965071324
496507132
249650713
324965071
132496507
713249650
BREAK
071326495
507132649
950713264
495071326
649507132
264950713
326495071
132649507
713264950
BREAK
071326945
507132694
450713269
945071326
694507132
269450713
326945071
132694507
713269450
BREAK
071329465
507132946
650713294
465071329
946507132
294650713
329465071
132946507
713294650
BREAK
071329645
507132964
450713296
645071329
964507132
296450713
329645071
132964507
713296450
BREAK
071423695
507142369
950714236
695071423
369507142
236950714
423695071
142369507
714236950
BREAK
071423965
507142396
650714239
965071423
396507142
239650714
423965071
142396507
714239650
BREAK
071426395
507142639
950714263
395071426
639507142
263950714
426395071
142639507
714263950
BREAK
071426935
507142693
350714269
935071426
693507142
269350714
426935071
142693507
714269350
BREAK
071429365
507142936
650714293
365071429
936507142
293650714
429365071
142936507
714293650
BREAK
071429635
507142963
350714296
635071429
963507142
296350714
429635071
142963507
714296350
BREAK
071623495
507162349
950716234
495071623
349507162
234950716
623495071
162349507
716234950
BREAK
071623945
507162394
450716239
945071623
394507162
239450716
623945071
162394507
716239450
BREAK
071624395
507162439
950716243
395071624
439507162
243950716
624395071
162439507
716243950
BREAK
071624935
507162493
350716249
935071624
493507162
249350716
624935071
162493507
716249350
BREAK
071629345
507162934
450716293
345071629
934507162
293450716
629345071
162934507
716293450
BREAK
071629435
507162943
350716294
435071629
943507162
294350716
629435071
162943507
716294350
BREAK
071923465
507192346
650719234
465071923
346507192
234650719
923465071
192346507
719234650
BREAK
071923645
507192364
450719236
645071923
364507192
236450719
923645071
192364507
719236450
BREAK
071924365
507192436
650719243
365071924
436507192
243650719
924365071
192436507
719243650
BREAK
071924635
507192463
350719246
635071924
463507192
246350719
924635071
192463507
719246350
BREAK
071926345
507192634
450719263
345071926
634507192
263450719
926345071
192634507
719263450
BREAK
071926435
507192643
350719264
435071926
643507192
264350719
926435071
192643507
719264350
BREAK
073124695
507312469
950731246
695073124
469507312
246950731
124695073
312469507
731246950
BREAK
073124965
507312496
650731249
965073124
496507312
249650731
124965073
312496507
731249650
BREAK
073126495
507312649
950731264
495073126
649507312
264950731
126495073
312649507
731264950
BREAK
073126945
507312694
450731269
945073126
694507312
269450731
126945073
312694507
731269450
BREAK
073129465
507312946
650731294
465073129
946507312
294650731
129465073
312946507
731294650
BREAK
073129645
507312964
450731296
645073129
964507312
296450731
129645073
312964507
731296450
BREAK
073421695
507342169
950734216
695073421
169507342
216950734
421695073
342169507
734216950
BREAK
073421965
507342196
650734219
965073421
196507342
219650734
421965073
342196507
734219650
BREAK
073426195
507342619
950734261
195073426
619507342
261950734
426195073
342619507
734261950
BREAK
073426915
507342691
150734269
915073426
691507342
269150734
426915073
342691507
734269150
BREAK
073429165
507342916
650734291
165073429
916507342
291650734
429165073
342916507
734291650
BREAK
073429615
507342961
150734296
615073429
961507342
296150734
429615073
342961507
734296150
BREAK
073621495
507362149
950736214
495073621
149507362
214950736
621495073
362149507
736214950
BREAK
073621945
507362194
450736219
945073621
194507362
219450736
621945073
362194507
736219450
BREAK
073624195
507362419
950736241
195073624
419507362
241950736
624195073
362419507
736241950
BREAK
073624915
507362491
150736249
915073624
491507362
249150736
624915073
362491507
736249150
BREAK
073629145
507362914
450736291
145073629
914507362
291450736
629145073
362914507
736291450
BREAK
073629415
507362941
150736294
415073629
941507362
294150736
629415073
362941507
736294150
BREAK
073921465
507392146
650739214
465073921
146507392
214650739
921465073
392146507
739214650
BREAK
073921645
507392164
450739216
645073921
164507392
216450739
921645073
392164507
739216450
BREAK
073924165
507392416
650739241
165073924
416507392
241650739
924165073
392416507
739241650
BREAK
073924615
507392461
150739246
615073924
461507392
246150739
924615073
392461507
739246150
BREAK
073926145
507392614
450739261
145073926
614507392
261450739
926145073
392614507
739261450
BREAK
073926415
507392641
150739264
415073926
641507392
264150739
926415073
392641507
739264150
BREAK
074123695
507412369
950741236
695074123
369507412
236950741
123695074
412369507
741236950
BREAK
074123965
507412396
650741239
965074123
396507412
239650741
123965074
412396507
741239650
BREAK
074126395
507412639
950741263
395074126
639507412
263950741
126395074
412639507
741263950
BREAK
074126935
507412693
350741269
935074126
693507412
269350741
126935074
412693507
741269350
BREAK
074129365
507412936
650741293
365074129
936507412
293650741
129365074
412936507
741293650
BREAK
074129635
507412963
350741296
635074129
963507412
296350741
129635074
412963507
741296350
BREAK
074321695
507432169
950743216
695074321
169507432
216950743
321695074
432169507
743216950
BREAK
074321965
507432196
650743219
965074321
196507432
219650743
321965074
432196507
743219650
BREAK
074326195
507432619
950743261
195074326
619507432
261950743
326195074
432619507
743261950
BREAK
074326915
507432691
150743269
915074326
691507432
269150743
326915074
432691507
743269150
BREAK
074329165
507432916
650743291
165074329
916507432
291650743
329165074
432916507
743291650
BREAK
074329615
507432961
150743296
615074329
961507432
296150743
329615074
432961507
743296150
BREAK
074621395
507462139
950746213
395074621
139507462
213950746
621395074
462139507
746213950
BREAK
074621935
507462193
350746219
935074621
193507462
219350746
621935074
462193507
746219350
BREAK
074623195
507462319
950746231
195074623
319507462
231950746
623195074
462319507
746231950
BREAK
074623915
507462391
150746239
915074623
391507462
239150746
623915074
462391507
746239150
BREAK
074629135
507462913
350746291
135074629
913507462
291350746
629135074
462913507
746291350
BREAK
074629315
507462931
150746293
315074629
931507462
293150746
629315074
462931507
746293150
BREAK
074921365
507492136
650749213
365074921
136507492
213650749
921365074
492136507
749213650
BREAK
074921635
507492163
350749216
635074921
163507492
216350749
921635074
492163507
749216350
BREAK
074923165
507492316
650749231
165074923
316507492
231650749
923165074
492316507
749231650
BREAK
074923615
507492361
150749236
615074923
361507492
236150749
923615074
492361507
749236150
BREAK
074926135
507492613
350749261
135074926
613507492
261350749
926135074
492613507
749261350
BREAK
074926315
507492631
150749263
315074926
631507492
263150749
926315074
492631507
749263150
BREAK
076123495
507612349
950761234
495076123
349507612
234950761
123495076
612349507
761234950
BREAK
076123945
507612394
450761239
945076123
394507612
239450761
123945076
612394507
761239450
BREAK
076124395
507612439
950761243
395076124
439507612
243950761
124395076
612439507
761243950
BREAK
076124935
507612493
350761249
935076124
493507612
249350761
124935076
612493507
761249350
BREAK
076129345
507612934
450761293
345076129
934507612
293450761
129345076
612934507
761293450
BREAK
076129435
507612943
350761294
435076129
943507612
294350761
129435076
612943507
761294350
BREAK
076321495
507632149
950763214
495076321
149507632
214950763
321495076
632149507
763214950
BREAK
076321945
507632194
450763219
945076321
194507632
219450763
321945076
632194507
763219450
BREAK
076324195
507632419
950763241
195076324
419507632
241950763
324195076
632419507
763241950
BREAK
076324915
507632491
150763249
915076324
491507632
249150763
324915076
632491507
763249150
BREAK
076329145
507632914
450763291
145076329
914507632
291450763
329145076
632914507
763291450
BREAK
076329415
507632941
150763294
415076329
941507632
294150763
329415076
632941507
763294150
BREAK
076421395
507642139
950764213
395076421
139507642
213950764
421395076
642139507
764213950
BREAK
076421935
507642193
350764219
935076421
193507642
219350764
421935076
642193507
764219350
BREAK
076423195
507642319
950764231
195076423
319507642
231950764
423195076
642319507
764231950
BREAK
076423915
507642391
150764239
915076423
391507642
239150764
423915076
642391507
764239150
BREAK
076429135
507642913
350764291
135076429
913507642
291350764
429135076
642913507
764291350
BREAK
076429315
507642931
150764293
315076429
931507642
293150764
429315076
642931507
764293150
BREAK
076921345
507692134
450769213
345076921
134507692
213450769
921345076
692134507
769213450
BREAK
076921435
507692143
350769214
435076921
143507692
214350769
921435076
692143507
769214350
BREAK
076923145
507692314
450769231
145076923
314507692
231450769
923145076
692314507
769231450
BREAK
076923415
507692341
150769234
415076923
341507692
234150769
923415076
692341507
769234150
BREAK
076924135
507692413
350769241
135076924
413507692
241350769
924135076
692413507
769241350
BREAK
076924315
507692431
150769243
315076924
431507692
243150769
924315076
692431507
769243150
BREAK
079123465
507912346
650791234
465079123
346507912
234650791
123465079
912346507
791234650
BREAK
079123645
507912364
450791236
645079123
364507912
236450791
123645079
912364507
791236450
BREAK
079124365
507912436
650791243
365079124
436507912
243650791
124365079
912436507
791243650
BREAK
079124635
507912463
350791246
635079124
463507912
246350791
124635079
912463507
791246350
BREAK
079126345
507912634
450791263
345079126
634507912
263450791
126345079
912634507
791263450
BREAK
079126435
507912643
350791264
435079126
643507912
264350791
126435079
912643507
791264350
BREAK
079321465
507932146
650793214
465079321
146507932
214650793
321465079
932146507
793214650
BREAK
079321645
507932164
450793216
645079321
164507932
216450793
321645079
932164507
793216450
BREAK
079324165
507932416
650793241
165079324
416507932
241650793
324165079
932416507
793241650
BREAK
079324615
507932461
150793246
615079324
461507932
246150793
324615079
932461507
793246150
BREAK
079326145
507932614
450793261
145079326
614507932
261450793
326145079
932614507
793261450
BREAK
079326415
507932641
150793264
415079326
641507932
264150793
326415079
932641507
793264150
BREAK
079421365
507942136
650794213
365079421
136507942
213650794
421365079
942136507
794213650
BREAK
079421635
507942163
350794216
635079421
163507942
216350794
421635079
942163507
794216350
BREAK
079423165
507942316
650794231
165079423
316507942
231650794
423165079
942316507
794231650
BREAK
079423615
507942361
150794236
615079423
361507942
236150794
423615079
942361507
794236150
BREAK
079426135
507942613
350794261
135079426
613507942
261350794
426135079
942613507
794261350
BREAK
079426315
507942631
150794263
315079426
631507942
263150794
426315079
942631507
794263150
BREAK
079621345
507962134
450796213
345079621
134507962
213450796
621345079
962134507
796213450
BREAK
079621435
507962143
350796214
435079621
143507962
214350796
621435079
962143507
796214350
BREAK
079623145
507962314
450796231
145079623
314507962
231450796
623145079
962314507
796231450
BREAK
079623415
507962341
150796234
415079623
341507962
234150796
623415079
962341507
796234150
BREAK
079624135
507962413
350796241
135079624
413507962
241350796
624135079
962413507
796241350
BREAK
079624315
507962431
150796243
315079624
431507962
243150796
624315079
962431507
796243150
BREAK
091324675
509132467
750913246
675091324
467509132
246750913
324675091
132467509
913246750
BREAK
091324765
509132476
650913247
765091324
476509132
247650913
324765091
132476509
913247650
BREAK
091326475
509132647
750913264
475091326
647509132
264750913
326475091
132647509
913264750
BREAK
091326745
509132674
450913267
745091326
674509132
267450913
326745091
132674509
913267450
BREAK
091327465
509132746
650913274
465091327
746509132
274650913
327465091
132746509
913274650
BREAK
091327645
509132764
450913276
645091327
764509132
276450913
327645091
132764509
913276450
BREAK
091423675
509142367
750914236
675091423
367509142
236750914
423675091
142367509
914236750
BREAK
091423765
509142376
650914237
765091423
376509142
237650914
423765091
142376509
914237650
BREAK
091426375
509142637
750914263
375091426
637509142
263750914
426375091
142637509
914263750
BREAK
091426735
509142673
350914267
735091426
673509142
267350914
426735091
142673509
914267350
BREAK
091427365
509142736
650914273
365091427
736509142
273650914
427365091
142736509
914273650
BREAK
091427635
509142763
350914276
635091427
763509142
276350914
427635091
142763509
914276350
BREAK
091623475
509162347
750916234
475091623
347509162
234750916
623475091
162347509
916234750
BREAK
091623745
509162374
450916237
745091623
374509162
237450916
623745091
162374509
916237450
BREAK
091624375
509162437
750916243
375091624
437509162
243750916
624375091
162437509
916243750
BREAK
091624735
509162473
350916247
735091624
473509162
247350916
624735091
162473509
916247350
BREAK
091627345
509162734
450916273
345091627
734509162
273450916
627345091
162734509
916273450
BREAK
091627435
509162743
350916274
435091627
743509162
274350916
627435091
162743509
916274350
BREAK
091723465
509172346
650917234
465091723
346509172
234650917
723465091
172346509
917234650
BREAK
091723645
509172364
450917236
645091723
364509172
236450917
723645091
172364509
917236450
BREAK
091724365
509172436
650917243
365091724
436509172
243650917
724365091
172436509
917243650
BREAK
091724635
509172463
350917246
635091724
463509172
246350917
724635091
172463509
917246350
BREAK
091726345
509172634
450917263
345091726
634509172
263450917
726345091
172634509
917263450
BREAK
091726435
509172643
350917264
435091726
643509172
264350917
726435091
172643509
917264350
BREAK
093124675
509312467
750931246
675093124
467509312
246750931
124675093
312467509
931246750
BREAK
093124765
509312476
650931247
765093124
476509312
247650931
124765093
312476509
931247650
BREAK
093126475
509312647
750931264
475093126
647509312
264750931
126475093
312647509
931264750
BREAK
093126745
509312674
450931267
745093126
674509312
267450931
126745093
312674509
931267450
BREAK
093127465
509312746
650931274
465093127
746509312
274650931
127465093
312746509
931274650
BREAK
093127645
509312764
450931276
645093127
764509312
276450931
127645093
312764509
931276450
BREAK
093421675
509342167
750934216
675093421
167509342
216750934
421675093
342167509
934216750
BREAK
093421765
509342176
650934217
765093421
176509342
217650934
421765093
342176509
934217650
BREAK
093426175
509342617
750934261
175093426
617509342
261750934
426175093
342617509
934261750
BREAK
093426715
509342671
150934267
715093426
671509342
267150934
426715093
342671509
934267150
BREAK
093427165
509342716
650934271
165093427
716509342
271650934
427165093
342716509
934271650
BREAK
093427615
509342761
150934276
615093427
761509342
276150934
427615093
342761509
934276150
BREAK
093621475
509362147
750936214
475093621
147509362
214750936
621475093
362147509
936214750
BREAK
093621745
509362174
450936217
745093621
174509362
217450936
621745093
362174509
936217450
BREAK
093624175
509362417
750936241
175093624
417509362
241750936
624175093
362417509
936241750
BREAK
093624715
509362471
150936247
715093624
471509362
247150936
624715093
362471509
936247150
BREAK
093627145
509362714
450936271
145093627
714509362
271450936
627145093
362714509
936271450
BREAK
093627415
509362741
150936274
415093627
741509362
274150936
627415093
362741509
936274150
BREAK
093721465
509372146
650937214
465093721
146509372
214650937
721465093
372146509
937214650
BREAK
093721645
509372164
450937216
645093721
164509372
216450937
721645093
372164509
937216450
BREAK
093724165
509372416
650937241
165093724
416509372
241650937
724165093
372416509
937241650
BREAK
093724615
509372461
150937246
615093724
461509372
246150937
724615093
372461509
937246150
BREAK
093726145
509372614
450937261
145093726
614509372
261450937
726145093
372614509
937261450
BREAK
093726415
509372641
150937264
415093726
641509372
264150937
726415093
372641509
937264150
BREAK
094123675
509412367
750941236
675094123
367509412
236750941
123675094
412367509
941236750
BREAK
094123765
509412376
650941237
765094123
376509412
237650941
123765094
412376509
941237650
BREAK
094126375
509412637
750941263
375094126
637509412
263750941
126375094
412637509
941263750
BREAK
094126735
509412673
350941267
735094126
673509412
267350941
126735094
412673509
941267350
BREAK
094127365
509412736
650941273
365094127
736509412
273650941
127365094
412736509
941273650
BREAK
094127635
509412763
350941276
635094127
763509412
276350941
127635094
412763509
941276350
BREAK
094321675
509432167
750943216
675094321
167509432
216750943
321675094
432167509
943216750
BREAK
094321765
509432176
650943217
765094321
176509432
217650943
321765094
432176509
943217650
BREAK
094326175
509432617
750943261
175094326
617509432
261750943
326175094
432617509
943261750
BREAK
094326715
509432671
150943267
715094326
671509432
267150943
326715094
432671509
943267150
BREAK
094327165
509432716
650943271
165094327
716509432
271650943
327165094
432716509
943271650
BREAK
094327615
509432761
150943276
615094327
761509432
276150943
327615094
432761509
943276150
BREAK
094621375
509462137
750946213
375094621
137509462
213750946
621375094
462137509
946213750
BREAK
094621735
509462173
350946217
735094621
173509462
217350946
621735094
462173509
946217350
BREAK
094623175
509462317
750946231
175094623
317509462
231750946
623175094
462317509
946231750
BREAK
094623715
509462371
150946237
715094623
371509462
237150946
623715094
462371509
946237150
BREAK
094627135
509462713
350946271
135094627
713509462
271350946
627135094
462713509
946271350
BREAK
094627315
509462731
150946273
315094627
731509462
273150946
627315094
462731509
946273150
BREAK
094721365
509472136
650947213
365094721
136509472
213650947
721365094
472136509
947213650
BREAK
094721635
509472163
350947216
635094721
163509472
216350947
721635094
472163509
947216350
BREAK
094723165
509472316
650947231
165094723
316509472
231650947
723165094
472316509
947231650
BREAK
094723615
509472361
150947236
615094723
361509472
236150947
723615094
472361509
947236150
BREAK
094726135
509472613
350947261
135094726
613509472
261350947
726135094
472613509
947261350
BREAK
094726315
509472631
150947263
315094726
631509472
263150947
726315094
472631509
947263150
BREAK
096123475
509612347
750961234
475096123
347509612
234750961
123475096
612347509
961234750
BREAK
096123745
509612374
450961237
745096123
374509612
237450961
123745096
612374509
961237450
BREAK
096124375
509612437
750961243
375096124
437509612
243750961
124375096
612437509
961243750
BREAK
096124735
509612473
350961247
735096124
473509612
247350961
124735096
612473509
961247350
BREAK
096127345
509612734
450961273
345096127
734509612
273450961
127345096
612734509
961273450
BREAK
096127435
509612743
350961274
435096127
743509612
274350961
127435096
612743509
961274350
BREAK
096321475
509632147
750963214
475096321
147509632
214750963
321475096
632147509
963214750
BREAK
096321745
509632174
450963217
745096321
174509632
217450963
321745096
632174509
963217450
BREAK
096324175
509632417
750963241
175096324
417509632
241750963
324175096
632417509
963241750
BREAK
096324715
509632471
150963247
715096324
471509632
247150963
324715096
632471509
963247150
BREAK
096327145
509632714
450963271
145096327
714509632
271450963
327145096
632714509
963271450
BREAK
096327415
509632741
150963274
415096327
741509632
274150963
327415096
632741509
963274150
BREAK
096421375
509642137
750964213
375096421
137509642
213750964
421375096
642137509
964213750
BREAK
096421735
509642173
350964217
735096421
173509642
217350964
421735096
642173509
964217350
BREAK
096423175
509642317
750964231
175096423
317509642
231750964
423175096
642317509
964231750
BREAK
096423715
509642371
150964237
715096423
371509642
237150964
423715096
642371509
964237150
BREAK
096427135
509642713
350964271
135096427
713509642
271350964
427135096
642713509
964271350
BREAK
096427315
509642731
150964273
315096427
731509642
273150964
427315096
642731509
964273150
BREAK
096721345
509672134
450967213
345096721
134509672
213450967
721345096
672134509
967213450
BREAK
096721435
509672143
350967214
435096721
143509672
214350967
721435096
672143509
967214350
BREAK
096723145
509672314
450967231
145096723
314509672
231450967
723145096
672314509
967231450
BREAK
096723415
509672341
150967234
415096723
341509672
234150967
723415096
672341509
967234150
BREAK
096724135
509672413
350967241
135096724
413509672
241350967
724135096
672413509
967241350
BREAK
096724315
509672431
150967243
315096724
431509672
243150967
724315096
672431509
967243150
BREAK
097123465
509712346
650971234
465097123
346509712
234650971
123465097
712346509
971234650
BREAK
097123645
509712364
450971236
645097123
364509712
236450971
123645097
712364509
971236450
BREAK
097124365
509712436
650971243
365097124
436509712
243650971
124365097
712436509
971243650
BREAK
097124635
509712463
350971246
635097124
463509712
246350971
124635097
712463509
971246350
BREAK
097126345
509712634
450971263
345097126
634509712
263450971
126345097
712634509
971263450
BREAK
097126435
509712643
350971264
435097126
643509712
264350971
126435097
712643509
971264350
BREAK
097321465
509732146
650973214
465097321
146509732
214650973
321465097
732146509
973214650
BREAK
097321645
509732164
450973216
645097321
164509732
216450973
321645097
732164509
973216450
BREAK
097324165
509732416
650973241
165097324
416509732
241650973
324165097
732416509
973241650
BREAK
097324615
509732461
150973246
615097324
461509732
246150973
324615097
732461509
973246150
BREAK
097326145
509732614
450973261
145097326
614509732
261450973
326145097
732614509
973261450
BREAK
097326415
509732641
150973264
415097326
641509732
264150973
326415097
732641509
973264150
BREAK
097421365
509742136
650974213
365097421
136509742
213650974
421365097
742136509
974213650
BREAK
097421635
509742163
350974216
635097421
163509742
216350974
421635097
742163509
974216350
BREAK
097423165
509742316
650974231
165097423
316509742
231650974
423165097
742316509
974231650
BREAK
097423615
509742361
150974236
615097423
361509742
236150974
423615097
742361509
974236150
BREAK
097426135
509742613
350974261
135097426
613509742
261350974
426135097
742613509
974261350
BREAK
097426315
509742631
150974263
315097426
631509742
263150974
426315097
742631509
974263150
BREAK
097621345
509762134
450976213
345097621
134509762
213450976
621345097
762134509
976213450
BREAK
097621435
509762143
350976214
435097621
143509762
214350976
621435097
762143509
976214350
BREAK
097623145
509762314
450976231
145097623
314509762
231450976
623145097
762314509
976231450
BREAK
097623415
509762341
150976234
415097623
341509762
234150976
623415097
762341509
976234150
BREAK
097624135
509762413
350976241
135097624
413509762
241350976
624135097
762413509
976241350
BREAK
097624315
509762431
150976243
315097624
431509762
243150976
624315097
762431509
976243150
