BREAK
013426785
501342678
850134267
785013426
678501342
267850134
426785013
342678501
134267850
BREAK
013426875
501342687
750134268
875013426
687501342
268750134
426875013
342687501
134268750
BREAK
013427685
501342768
850134276
685013427
768501342
276850134
427685013
342768501
134276850
BREAK
013427865
501342786
650134278
865013427
786501342
278650134
427865013
342786501
134278650
BREAK
013428675
501342867
750134286
675013428
867501342
286750134
428675013
342867501
134286750
BREAK
013428765
501342876
650134287
765013428
876501342
287650134
428765013
342876501
134287650
BREAK
013624785
501362478
850136247
785013624
478501362
247850136
624785013
362478501
136247850
BREAK
013624875
501362487
750136248
875013624
487501362
248750136
624875013
362487501
136248750
BREAK
013627485
501362748
850136274
485013627
748501362
274850136
627485013
362748501
136274850
BREAK
013627845
501362784
450136278
845013627
784501362
278450136
627845013
362784501
136278450
BREAK
013628475
501362847
750136284
475013628
847501362
284750136
628475013
362847501
136284750
BREAK
013628745
501362874
450136287
745013628
874501362
287450136
628745013
362874501
136287450
BREAK
013724685
501372468
850137246
685013724
468501372
246850137
724685013
372468501
137246850
BREAK
013724865
501372486
650137248
865013724
486501372
248650137
724865013
372486501
137248650
BREAK
013726485
501372648
850137264
485013726
648501372
264850137
726485013
372648501
137264850
BREAK
013726845
501372684
450137268
845013726
684501372
268450137
726845013
372684501
137268450
BREAK
013728465
501372846
650137284
465013728
846501372
284650137
728465013
372846501
137284650
BREAK
013728645
501372864
450137286
645013728
864501372
286450137
728645013
372864501
137286450
BREAK
013824675
501382467
750138246
675013824
467501382
246750138
824675013
382467501
138246750
BREAK
013824765
501382476
650138247
765013824
476501382
247650138
824765013
382476501
138247650
BREAK
013826475
501382647
750138264
475013826
647501382
264750138
826475013
382647501
138264750
BREAK
013826745
501382674
450138267
745013826
674501382
267450138
826745013
382674501
138267450
BREAK
013827465
501382746
650138274
465013827
746501382
274650138
827465013
382746501
138274650
BREAK
013827645
501382764
450138276
645013827
764501382
276450138
827645013
382764501
138276450
BREAK
014326785
501432678
850143267
785014326
678501432
267850143
326785014
432678501
143267850
BREAK
014326875
501432687
750143268
875014326
687501432
268750143
326875014
432687501
143268750
BREAK
014327685
501432768
850143276
685014327
768501432
276850143
327685014
432768501
143276850
BREAK
014327865
501432786
650143278
865014327
786501432
278650143
327865014
432786501
143278650
BREAK
014328675
501432867
750143286
675014328
867501432
286750143
328675014
432867501
143286750
BREAK
014328765
501432876
650143287
765014328
876501432
287650143
328765014
432876501
143287650
BREAK
014623785
501462378
850146237
785014623
378501462
237850146
623785014
462378501
146237850
BREAK
014623875
501462387
750146238
875014623
387501462
238750146
623875014
462387501
146238750
BREAK
014627385
501462738
850146273
385014627
738501462
273850146
627385014
462738501
146273850
BREAK
014627835
501462783
350146278
835014627
783501462
278350146
627835014
462783501
146278350
BREAK
014628375
501462837
750146283
375014628
837501462
283750146
628375014
462837501
146283750
BREAK
014628735
501462873
350146287
735014628
873501462
287350146
628735014
462873501
146287350
BREAK
014723685
501472368
850147236
685014723
368501472
236850147
723685014
472368501
147236850
BREAK
014723865
501472386
650147238
865014723
386501472
238650147
723865014
472386501
147238650
BREAK
014726385
501472638
850147263
385014726
638501472
263850147
726385014
472638501
147263850
BREAK
014726835
501472683
350147268
835014726
683501472
268350147
726835014
472683501
147268350
BREAK
014728365
501472836
650147283
365014728
836501472
283650147
728365014
472836501
147283650
BREAK
014728635
501472863
350147286
635014728
863501472
286350147
728635014
472863501
147286350
BREAK
014823675
501482367
750148236
675014823
367501482
236750148
823675014
482367501
148236750
BREAK
014823765
501482376
650148237
765014823
376501482
237650148
823765014
482376501
148237650
BREAK
014826375
501482637
750148263
375014826
637501482
263750148
826375014
482637501
148263750
BREAK
014826735
501482673
350148267
735014826
673501482
267350148
826735014
482673501
148267350
BREAK
014827365
501482736
650148273
365014827
736501482
273650148
827365014
482736501
148273650
BREAK
014827635
501482763
350148276
635014827
763501482
276350148
827635014
482763501
148276350
BREAK
016324785
501632478
850163247
785016324
478501632
247850163
324785016
632478501
163247850
BREAK
016324875
501632487
750163248
875016324
487501632
248750163
324875016
632487501
163248750
BREAK
016327485
501632748
850163274
485016327
748501632
274850163
327485016
632748501
163274850
BREAK
016327845
501632784
450163278
845016327
784501632
278450163
327845016
632784501
163278450
BREAK
016328475
501632847
750163284
475016328
847501632
284750163
328475016
632847501
163284750
BREAK
016328745
501632874
450163287
745016328
874501632
287450163
328745016
632874501
163287450
BREAK
016423785
501642378
850164237
785016423
378501642
237850164
423785016
642378501
164237850
BREAK
016423875
501642387
750164238
875016423
387501642
238750164
423875016
642387501
164238750
BREAK
016427385
501642738
850164273
385016427
738501642
273850164
427385016
642738501
164273850
BREAK
016427835
501642783
350164278
835016427
783501642
278350164
427835016
642783501
164278350
BREAK
016428375
501642837
750164283
375016428
837501642
283750164
428375016
642837501
164283750
BREAK
016428735
501642873
350164287
735016428
873501642
287350164
428735016
642873501
164287350
BREAK
016723485
501672348
850167234
485016723
348501672
234850167
723485016
672348501
167234850
BREAK
016723845
501672384
450167238
845016723
384501672
238450167
723845016
672384501
167238450
BREAK
016724385
501672438
850167243
385016724
438501672
243850167
724385016
672438501
167243850
BREAK
016724835
501672483
350167248
835016724
483501672
248350167
724835016
672483501
167248350
BREAK
016728345
501672834
450167283
345016728
834501672
283450167
728345016
672834501
167283450
BREAK
016728435
501672843
350167284
435016728
843501672
284350167
728435016
672843501
167284350
BREAK
016823475
501682347
750168234
475016823
347501682
234750168
823475016
682347501
168234750
BREAK
016823745
501682374
450168237
745016823
374501682
237450168
823745016
682374501
168237450
BREAK
016824375
501682437
750168243
375016824
437501682
243750168
824375016
682437501
168243750
BREAK
016824735
501682473
350168247
735016824
473501682
247350168
824735016
682473501
168247350
BREAK
016827345
501682734
450168273
345016827
734501682
273450168
827345016
682734501
168273450
BREAK
016827435
501682743
350168274
435016827
743501682
274350168
827435016
682743501
168274350
BREAK
017324685
501732468
850173246
685017324
468501732
246850173
324685017
732468501
173246850
BREAK
017324865
501732486
650173248
865017324
486501732
248650173
324865017
732486501
173248650
BREAK
017326485
501732648
850173264
485017326
648501732
264850173
326485017
732648501
173264850
BREAK
017326845
501732684
450173268
845017326
684501732
268450173
326845017
732684501
173268450
BREAK
017328465
501732846
650173284
465017328
846501732
284650173
328465017
732846501
173284650
BREAK
017328645
501732864
450173286
645017328
864501732
286450173
328645017
732864501
173286450
BREAK
017423685
501742368
850174236
685017423
368501742
236850174
423685017
742368501
174236850
BREAK
017423865
501742386
650174238
865017423
386501742
238650174
423865017
742386501
174238650
BREAK
017426385
501742638
850174263
385017426
638501742
263850174
426385017
742638501
174263850
BREAK
017426835
501742683
350174268
835017426
683501742
268350174
426835017
742683501
174268350
BREAK
017428365
501742836
650174283
365017428
836501742
283650174
428365017
742836501
174283650
BREAK
017428635
501742863
350174286
635017428
863501742
286350174
428635017
742863501
174286350
BREAK
017623485
501762348
850176234
485017623
348501762
234850176
623485017
762348501
176234850
BREAK
017623845
501762384
450176238
845017623
384501762
238450176
623845017
762384501
176238450
BREAK
017624385
501762438
850176243
385017624
438501762
243850176
624385017
762438501
176243850
BREAK
017624835
501762483
350176248
835017624
483501762
248350176
624835017
762483501
176248350
BREAK
017628345
501762834
450176283
345017628
834501762
283450176
628345017
762834501
176283450
BREAK
017628435
501762843
350176284
435017628
843501762
284350176
628435017
762843501
176284350
BREAK
017823465
501782346
650178234
465017823
346501782
234650178
823465017
782346501
178234650
BREAK
017823645
501782364
450178236
645017823
364501782
236450178
823645017
782364501
178236450
BREAK
017824365
501782436
650178243
365017824
436501782
243650178
824365017
782436501
178243650
BREAK
017824635
501782463
350178246
635017824
463501782
246350178
824635017
782463501
178246350
BREAK
017826345
501782634
450178263
345017826
634501782
263450178
826345017
782634501
178263450
BREAK
017826435
501782643
350178264
435017826
643501782
264350178
826435017
782643501
178264350
BREAK
018324675
501832467
750183246
675018324
467501832
246750183
324675018
832467501
183246750
BREAK
018324765
501832476
650183247
765018324
476501832
247650183
324765018
832476501
183247650
BREAK
018326475
501832647
750183264
475018326
647501832
264750183
326475018
832647501
183264750
BREAK
018326745
501832674
450183267
745018326
674501832
267450183
326745018
832674501
183267450
BREAK
018327465
501832746
650183274
465018327
746501832
274650183
327465018
832746501
183274650
BREAK
018327645
501832764
450183276
645018327
764501832
276450183
327645018
832764501
183276450
BREAK
018423675
501842367
750184236
675018423
367501842
236750184
423675018
842367501
184236750
BREAK
018423765
501842376
650184237
765018423
376501842
237650184
423765018
842376501
184237650
BREAK
018426375
501842637
750184263
375018426
637501842
263750184
426375018
842637501
184263750
BREAK
018426735
501842673
350184267
735018426
673501842
267350184
426735018
842673501
184267350
BREAK
018427365
501842736
650184273
365018427
736501842
273650184
427365018
842736501
184273650
BREAK
018427635
501842763
350184276
635018427
763501842
276350184
427635018
842763501
184276350
BREAK
018623475
501862347
750186234
475018623
347501862
234750186
623475018
862347501
186234750
BREAK
018623745
501862374
450186237
745018623
374501862
237450186
623745018
862374501
186237450
BREAK
018624375
501862437
750186243
375018624
437501862
243750186
624375018
862437501
186243750
BREAK
018624735
501862473
350186247
735018624
473501862
247350186
624735018
862473501
186247350
BREAK
018627345
501862734
450186273
345018627
734501862
273450186
627345018
862734501
186273450
BREAK
018627435
501862743
350186274
435018627
743501862
274350186
627435018
862743501
186274350
BREAK
018723465
501872346
650187234
465018723
346501872
234650187
723465018
872346501
187234650
BREAK
018723645
501872364
450187236
645018723
364501872
236450187
723645018
872364501
187236450
BREAK
018724365
501872436
650187243
365018724
436501872
243650187
724365018
872436501
187243650
BREAK
018724635
501872463
350187246
635018724
463501872
246350187
724635018
872463501
187246350
BREAK
018726345
501872634
450187263
345018726
634501872
263450187
726345018
872634501
187263450
BREAK
018726435
501872643
350187264
435018726
643501872
264350187
726435018
872643501
187264350
BREAK
031426785
503142678
850314267
785031426
678503142
267850314
426785031
142678503
314267850
BREAK
031426875
503142687
750314268
875031426
687503142
268750314
426875031
142687503
314268750
BREAK
031427685
503142768
850314276
685031427
768503142
276850314
427685031
142768503
314276850
BREAK
031427865
503142786
650314278
865031427
786503142
278650314
427865031
142786503
314278650
BREAK
031428675
503142867
750314286
675031428
867503142
286750314
428675031
142867503
314286750
BREAK
031428765
503142876
650314287
765031428
876503142
287650314
428765031
142876503
314287650
BREAK
031624785
503162478
850316247
785031624
478503162
247850316
624785031
162478503
316247850
BREAK
031624875
503162487
750316248
875031624
487503162
248750316
624875031
162487503
316248750
BREAK
031627485
503162748
850316274
485031627
748503162
274850316
627485031
162748503
316274850
BREAK
031627845
503162784
450316278
845031627
784503162
278450316
627845031
162784503
316278450
BREAK
031628475
503162847
750316284
475031628
847503162
284750316
628475031
162847503
316284750
BREAK
031628745
503162874
450316287
745031628
874503162
287450316
628745031
162874503
316287450
BREAK
031724685
503172468
850317246
685031724
468503172
246850317
724685031
172468503
317246850
BREAK
031724865
503172486
650317248
865031724
486503172
248650317
724865031
172486503
317248650
BREAK
031726485
503172648
850317264
485031726
648503172
264850317
726485031
172648503
317264850
BREAK
031726845
503172684
450317268
845031726
684503172
268450317
726845031
172684503
317268450
BREAK
031728465
503172846
650317284
465031728
846503172
284650317
728465031
172846503
317284650
BREAK
031728645
503172864
450317286
645031728
864503172
286450317
728645031
172864503
317286450
BREAK
031824675
503182467
750318246
675031824
467503182
246750318
824675031
182467503
318246750
BREAK
031824765
503182476
650318247
765031824
476503182
247650318
824765031
182476503
318247650
BREAK
031826475
503182647
750318264
475031826
647503182
264750318
826475031
182647503
318264750
BREAK
031826745
503182674
450318267
745031826
674503182
267450318
826745031
182674503
318267450
BREAK
031827465
503182746
650318274
465031827
746503182
274650318
827465031
182746503
318274650
BREAK
031827645
503182764
450318276
645031827
764503182
276450318
827645031
182764503
318276450
BREAK
034126785
503412678
850341267
785034126
678503412
267850341
126785034
412678503
341267850
BREAK
034126875
503412687
750341268
875034126
687503412
268750341
126875034
412687503
341268750
BREAK
034127685
503412768
850341276
685034127
768503412
276850341
127685034
412768503
341276850
BREAK
034127865
503412786
650341278
865034127
786503412
278650341
127865034
412786503
341278650
BREAK
034128675
503412867
750341286
675034128
867503412
286750341
128675034
412867503
341286750
BREAK
034128765
503412876
650341287
765034128
876503412
287650341
128765034
412876503
341287650
BREAK
034621785
503462178
850346217
785034621
178503462
217850346
621785034
462178503
346217850
BREAK
034621875
503462187
750346218
875034621
187503462
218750346
621875034
462187503
346218750
BREAK
034627185
503462718
850346271
185034627
718503462
271850346
627185034
462718503
346271850
BREAK
034627815
503462781
150346278
815034627
781503462
278150346
627815034
462781503
346278150
BREAK
034628175
503462817
750346281
175034628
817503462
281750346
628175034
462817503
346281750
BREAK
034628715
503462871
150346287
715034628
871503462
287150346
628715034
462871503
346287150
BREAK
034721685
503472168
850347216
685034721
168503472
216850347
721685034
472168503
347216850
BREAK
034721865
503472186
650347218
865034721
186503472
218650347
721865034
472186503
347218650
BREAK
034726185
503472618
850347261
185034726
618503472
261850347
726185034
472618503
347261850
BREAK
034726815
503472681
150347268
815034726
681503472
268150347
726815034
472681503
347268150
BREAK
034728165
503472816
650347281
165034728
816503472
281650347
728165034
472816503
347281650
BREAK
034728615
503472861
150347286
615034728
861503472
286150347
728615034
472861503
347286150
BREAK
034821675
503482167
750348216
675034821
167503482
216750348
821675034
482167503
348216750
BREAK
034821765
503482176
650348217
765034821
176503482
217650348
821765034
482176503
348217650
BREAK
034826175
503482617
750348261
175034826
617503482
261750348
826175034
482617503
348261750
BREAK
034826715
503482671
150348267
715034826
671503482
267150348
826715034
482671503
348267150
BREAK
034827165
503482716
650348271
165034827
716503482
271650348
827165034
482716503
348271650
BREAK
034827615
503482761
150348276
615034827
761503482
276150348
827615034
482761503
348276150
BREAK
036124785
503612478
850361247
785036124
478503612
247850361
124785036
612478503
361247850
BREAK
036124875
503612487
750361248
875036124
487503612
248750361
124875036
612487503
361248750
BREAK
036127485
503612748
850361274
485036127
748503612
274850361
127485036
612748503
361274850
BREAK
036127845
503612784
450361278
845036127
784503612
278450361
127845036
612784503
361278450
BREAK
036128475
503612847
750361284
475036128
847503612
284750361
128475036
612847503
361284750
BREAK
036128745
503612874
450361287
745036128
874503612
287450361
128745036
612874503
361287450
BREAK
036421785
503642178
850364217
785036421
178503642
217850364
421785036
642178503
364217850
BREAK
036421875
503642187
750364218
875036421
187503642
218750364
421875036
642187503
364218750
BREAK
036427185
503642718
850364271
185036427
718503642
271850364
427185036
642718503
364271850
BREAK
036427815
503642781
150364278
815036427
781503642
278150364
427815036
642781503
364278150
BREAK
036428175
503642817
750364281
175036428
817503642
281750364
428175036
642817503
364281750
BREAK
036428715
503642871
150364287
715036428
871503642
287150364
428715036
642871503
364287150
BREAK
036721485
503672148
850367214
485036721
148503672
214850367
721485036
672148503
367214850
BREAK
036721845
503672184
450367218
845036721
184503672
218450367
721845036
672184503
367218450
BREAK
036724185
503672418
850367241
185036724
418503672
241850367
724185036
672418503
367241850
BREAK
036724815
503672481
150367248
815036724
481503672
248150367
724815036
672481503
367248150
BREAK
036728145
503672814
450367281
145036728
814503672
281450367
728145036
672814503
367281450
BREAK
036728415
503672841
150367284
415036728
841503672
284150367
728415036
672841503
367284150
BREAK
036821475
503682147
750368214
475036821
147503682
214750368
821475036
682147503
368214750
BREAK
036821745
503682174
450368217
745036821
174503682
217450368
821745036
682174503
368217450
BREAK
036824175
503682417
750368241
175036824
417503682
241750368
824175036
682417503
368241750
BREAK
036824715
503682471
150368247
715036824
471503682
247150368
824715036
682471503
368247150
BREAK
036827145
503682714
450368271
145036827
714503682
271450368
827145036
682714503
368271450
BREAK
036827415
503682741
150368274
415036827
741503682
274150368
827415036
682741503
368274150
BREAK
037124685
503712468
850371246
685037124
468503712
246850371
124685037
712468503
371246850
BREAK
037124865
503712486
650371248
865037124
486503712
248650371
124865037
712486503
371248650
BREAK
037126485
503712648
850371264
485037126
648503712
264850371
126485037
712648503
371264850
BREAK
037126845
503712684
450371268
845037126
684503712
268450371
126845037
712684503
371268450
BREAK
037128465
503712846
650371284
465037128
846503712
284650371
128465037
712846503
371284650
BREAK
037128645
503712864
450371286
645037128
864503712
286450371
128645037
712864503
371286450
BREAK
037421685
503742168
850374216
685037421
168503742
216850374
421685037
742168503
374216850
BREAK
037421865
503742186
650374218
865037421
186503742
218650374
421865037
742186503
374218650
BREAK
037426185
503742618
850374261
185037426
618503742
261850374
426185037
742618503
374261850
BREAK
037426815
503742681
150374268
815037426
681503742
268150374
426815037
742681503
374268150
BREAK
037428165
503742816
650374281
165037428
816503742
281650374
428165037
742816503
374281650
BREAK
037428615
503742861
150374286
615037428
861503742
286150374
428615037
742861503
374286150
BREAK
037621485
503762148
850376214
485037621
148503762
214850376
621485037
762148503
376214850
BREAK
037621845
503762184
450376218
845037621
184503762
218450376
621845037
762184503
376218450
BREAK
037624185
503762418
850376241
185037624
418503762
241850376
624185037
762418503
376241850
BREAK
037624815
503762481
150376248
815037624
481503762
248150376
624815037
762481503
376248150
BREAK
037628145
503762814
450376281
145037628
814503762
281450376
628145037
762814503
376281450
BREAK
037628415
503762841
150376284
415037628
841503762
284150376
628415037
762841503
376284150
BREAK
037821465
503782146
650378214
465037821
146503782
214650378
821465037
782146503
378214650
BREAK
037821645
503782164
450378216
645037821
164503782
216450378
821645037
782164503
378216450
BREAK
037824165
503782416
650378241
165037824
416503782
241650378
824165037
782416503
378241650
BREAK
037824615
503782461
150378246
615037824
461503782
246150378
824615037
782461503
378246150
BREAK
037826145
503782614
450378261
145037826
614503782
261450378
826145037
782614503
378261450
BREAK
037826415
503782641
150378264
415037826
641503782
264150378
826415037
782641503
378264150
BREAK
038124675
503812467
750381246
675038124
467503812
246750381
124675038
812467503
381246750
BREAK
038124765
503812476
650381247
765038124
476503812
247650381
124765038
812476503
381247650
BREAK
038126475
503812647
750381264
475038126
647503812
264750381
126475038
812647503
381264750
BREAK
038126745
503812674
450381267
745038126
674503812
267450381
126745038
812674503
381267450
BREAK
038127465
503812746
650381274
465038127
746503812
274650381
127465038
812746503
381274650
BREAK
038127645
503812764
450381276
645038127
764503812
276450381
127645038
812764503
381276450
BREAK
038421675
503842167
750384216
675038421
167503842
216750384
421675038
842167503
384216750
BREAK
038421765
503842176
650384217
765038421
176503842
217650384
421765038
842176503
384217650
BREAK
038426175
503842617
750384261
175038426
617503842
261750384
426175038
842617503
384261750
BREAK
038426715
503842671
150384267
715038426
671503842
267150384
426715038
842671503
384267150
BREAK
038427165
503842716
650384271
165038427
716503842
271650384
427165038
842716503
384271650
BREAK
038427615
503842761
150384276
615038427
761503842
276150384
427615038
842761503
384276150
BREAK
038621475
503862147
750386214
475038621
147503862
214750386
621475038
862147503
386214750
BREAK
038621745
503862174
450386217
745038621
174503862
217450386
621745038
862174503
386217450
BREAK
038624175
503862417
750386241
175038624
417503862
241750386
624175038
862417503
386241750
BREAK
038624715
503862471
150386247
715038624
471503862
247150386
624715038
862471503
386247150
BREAK
038627145
503862714
450386271
145038627
714503862
271450386
627145038
862714503
386271450
BREAK
038627415
503862741
150386274
415038627
741503862
274150386
627415038
862741503
386274150
BREAK
038721465
503872146
650387214
465038721
146503872
214650387
721465038
872146503
387214650
BREAK
038721645
503872164
450387216
645038721
164503872
216450387
721645038
872164503
387216450
BREAK
038724165
503872416
650387241
165038724
416503872
241650387
724165038
872416503
387241650
BREAK
038724615
503872461
150387246
615038724
461503872
246150387
724615038
872461503
387246150
BREAK
038726145
503872614
450387261
145038726
614503872
261450387
726145038
872614503
387261450
BREAK
038726415
503872641
150387264
415038726
641503872
264150387
726415038
872641503
387264150
BREAK
041326785
504132678
850413267
785041326
678504132
267850413
326785041
132678504
413267850
BREAK
041326875
504132687
750413268
875041326
687504132
268750413
326875041
132687504
413268750
BREAK
041327685
504132768
850413276
685041327
768504132
276850413
327685041
132768504
413276850
BREAK
041327865
504132786
650413278
865041327
786504132
278650413
327865041
132786504
413278650
BREAK
041328675
504132867
750413286
675041328
867504132
286750413
328675041
132867504
413286750
BREAK
041328765
504132876
650413287
765041328
876504132
287650413
328765041
132876504
413287650
BREAK
041623785
504162378
850416237
785041623
378504162
237850416
623785041
162378504
416237850
BREAK
041623875
504162387
750416238
875041623
387504162
238750416
623875041
162387504
416238750
BREAK
041627385
504162738
850416273
385041627
738504162
273850416
627385041
162738504
416273850
BREAK
041627835
504162783
350416278
835041627
783504162
278350416
627835041
162783504
416278350
BREAK
041628375
504162837
750416283
375041628
837504162
283750416
628375041
162837504
416283750
BREAK
041628735
504162873
350416287
735041628
873504162
287350416
628735041
162873504
416287350
BREAK
041723685
504172368
850417236
685041723
368504172
236850417
723685041
172368504
417236850
BREAK
041723865
504172386
650417238
865041723
386504172
238650417
723865041
172386504
417238650
BREAK
041726385
504172638
850417263
385041726
638504172
263850417
726385041
172638504
417263850
BREAK
041726835
504172683
350417268
835041726
683504172
268350417
726835041
172683504
417268350
BREAK
041728365
504172836
650417283
365041728
836504172
283650417
728365041
172836504
417283650
BREAK
041728635
504172863
350417286
635041728
863504172
286350417
728635041
172863504
417286350
BREAK
041823675
504182367
750418236
675041823
367504182
236750418
823675041
182367504
418236750
BREAK
041823765
504182376
650418237
765041823
376504182
237650418
823765041
182376504
418237650
BREAK
041826375
504182637
750418263
375041826
637504182
263750418
826375041
182637504
418263750
BREAK
041826735
504182673
350418267
735041826
673504182
267350418
826735041
182673504
418267350
BREAK
041827365
504182736
650418273
365041827
736504182
273650418
827365041
182736504
418273650
BREAK
041827635
504182763
350418276
635041827
763504182
276350418
827635041
182763504
418276350
BREAK
043126785
504312678
850431267
785043126
678504312
267850431
126785043
312678504
431267850
BREAK
043126875
504312687
750431268
875043126
687504312
268750431
126875043
312687504
431268750
BREAK
043127685
504312768
850431276
685043127
768504312
276850431
127685043
312768504
431276850
BREAK
043127865
504312786
650431278
865043127
786504312
278650431
127865043
312786504
431278650
BREAK
043128675
504312867
750431286
675043128
867504312
286750431
128675043
312867504
431286750
BREAK
043128765
504312876
650431287
765043128
876504312
287650431
128765043
312876504
431287650
BREAK
043621785
504362178
850436217
785043621
178504362
217850436
621785043
362178504
436217850
BREAK
043621875
504362187
750436218
875043621
187504362
218750436
621875043
362187504
436218750
BREAK
043627185
504362718
850436271
185043627
718504362
271850436
627185043
362718504
436271850
BREAK
043627815
504362781
150436278
815043627
781504362
278150436
627815043
362781504
436278150
BREAK
043628175
504362817
750436281
175043628
817504362
281750436
628175043
362817504
436281750
BREAK
043628715
504362871
150436287
715043628
871504362
287150436
628715043
362871504
436287150
BREAK
043721685
504372168
850437216
685043721
168504372
216850437
721685043
372168504
437216850
BREAK
043721865
504372186
650437218
865043721
186504372
218650437
721865043
372186504
437218650
BREAK
043726185
504372618
850437261
185043726
618504372
261850437
726185043
372618504
437261850
BREAK
043726815
504372681
150437268
815043726
681504372
268150437
726815043
372681504
437268150
BREAK
043728165
504372816
650437281
165043728
816504372
281650437
728165043
372816504
437281650
BREAK
043728615
504372861
150437286
615043728
861504372
286150437
728615043
372861504
437286150
BREAK
043821675
504382167
750438216
675043821
167504382
216750438
821675043
382167504
438216750
BREAK
043821765
504382176
650438217
765043821
176504382
217650438
821765043
382176504
438217650
BREAK
043826175
504382617
750438261
175043826
617504382
261750438
826175043
382617504
438261750
BREAK
043826715
504382671
150438267
715043826
671504382
267150438
826715043
382671504
438267150
BREAK
043827165
504382716
650438271
165043827
716504382
271650438
827165043
382716504
438271650
BREAK
043827615
504382761
150438276
615043827
761504382
276150438
827615043
382761504
438276150
BREAK
046123785
504612378
850461237
785046123
378504612
237850461
123785046
612378504
461237850
BREAK
046123875
504612387
750461238
875046123
387504612
238750461
123875046
612387504
461238750
BREAK
046127385
504612738
850461273
385046127
738504612
273850461
127385046
612738504
461273850
BREAK
046127835
504612783
350461278
835046127
783504612
278350461
127835046
612783504
461278350
BREAK
046128375
504612837
750461283
375046128
837504612
283750461
128375046
612837504
461283750
BREAK
046128735
504612873
350461287
735046128
873504612
287350461
128735046
612873504
461287350
BREAK
046321785
504632178
850463217
785046321
178504632
217850463
321785046
632178504
463217850
BREAK
046321875
504632187
750463218
875046321
187504632
218750463
321875046
632187504
463218750
BREAK
046327185
504632718
850463271
185046327
718504632
271850463
327185046
632718504
463271850
BREAK
046327815
504632781
150463278
815046327
781504632
278150463
327815046
632781504
463278150
BREAK
046328175
504632817
750463281
175046328
817504632
281750463
328175046
632817504
463281750
BREAK
046328715
504632871
150463287
715046328
871504632
287150463
328715046
632871504
463287150
BREAK
046721385
504672138
850467213
385046721
138504672
213850467
721385046
672138504
467213850
BREAK
046721835
504672183
350467218
835046721
183504672
218350467
721835046
672183504
467218350
BREAK
046723185
504672318
850467231
185046723
318504672
231850467
723185046
672318504
467231850
BREAK
046723815
504672381
150467238
815046723
381504672
238150467
723815046
672381504
467238150
BREAK
046728135
504672813
350467281
135046728
813504672
281350467
728135046
672813504
467281350
BREAK
046728315
504672831
150467283
315046728
831504672
283150467
728315046
672831504
467283150
BREAK
046821375
504682137
750468213
375046821
137504682
213750468
821375046
682137504
468213750
BREAK
046821735
504682173
350468217
735046821
173504682
217350468
821735046
682173504
468217350
BREAK
046823175
504682317
750468231
175046823
317504682
231750468
823175046
682317504
468231750
BREAK
046823715
504682371
150468237
715046823
371504682
237150468
823715046
682371504
468237150
BREAK
046827135
504682713
350468271
135046827
713504682
271350468
827135046
682713504
468271350
BREAK
046827315
504682731
150468273
315046827
731504682
273150468
827315046
682731504
468273150
BREAK
047123685
504712368
850471236
685047123
368504712
236850471
123685047
712368504
471236850
BREAK
047123865
504712386
650471238
865047123
386504712
238650471
123865047
712386504
471238650
BREAK
047126385
504712638
850471263
385047126
638504712
263850471
126385047
712638504
471263850
BREAK
047126835
504712683
350471268
835047126
683504712
268350471
126835047
712683504
471268350
BREAK
047128365
504712836
650471283
365047128
836504712
283650471
128365047
712836504
471283650
BREAK
047128635
504712863
350471286
635047128
863504712
286350471
128635047
712863504
471286350
BREAK
047321685
504732168
850473216
685047321
168504732
216850473
321685047
732168504
473216850
BREAK
047321865
504732186
650473218
865047321
186504732
218650473
321865047
732186504
473218650
BREAK
047326185
504732618
850473261
185047326
618504732
261850473
326185047
732618504
473261850
BREAK
047326815
504732681
150473268
815047326
681504732
268150473
326815047
732681504
473268150
BREAK
047328165
504732816
650473281
165047328
816504732
281650473
328165047
732816504
473281650
BREAK
047328615
504732861
150473286
615047328
861504732
286150473
328615047
732861504
473286150
BREAK
047621385
504762138
850476213
385047621
138504762
213850476
621385047
762138504
476213850
BREAK
047621835
504762183
350476218
835047621
183504762
218350476
621835047
762183504
476218350
BREAK
047623185
504762318
850476231
185047623
318504762
231850476
623185047
762318504
476231850
BREAK
047623815
504762381
150476238
815047623
381504762
238150476
623815047
762381504
476238150
BREAK
047628135
504762813
350476281
135047628
813504762
281350476
628135047
762813504
476281350
BREAK
047628315
504762831
150476283
315047628
831504762
283150476
628315047
762831504
476283150
BREAK
047821365
504782136
650478213
365047821
136504782
213650478
821365047
782136504
478213650
BREAK
047821635
504782163
350478216
635047821
163504782
216350478
821635047
782163504
478216350
BREAK
047823165
504782316
650478231
165047823
316504782
231650478
823165047
782316504
478231650
BREAK
047823615
504782361
150478236
615047823
361504782
236150478
823615047
782361504
478236150
BREAK
047826135
504782613
350478261
135047826
613504782
261350478
826135047
782613504
478261350
BREAK
047826315
504782631
150478263
315047826
631504782
263150478
826315047
782631504
478263150
BREAK
048123675
504812367
750481236
675048123
367504812
236750481
123675048
812367504
481236750
BREAK
048123765
504812376
650481237
765048123
376504812
237650481
123765048
812376504
481237650
BREAK
048126375
504812637
750481263
375048126
637504812
263750481
126375048
812637504
481263750
BREAK
048126735
504812673
350481267
735048126
673504812
267350481
126735048
812673504
481267350
BREAK
048127365
504812736
650481273
365048127
736504812
273650481
127365048
812736504
481273650
BREAK
048127635
504812763
350481276
635048127
763504812
276350481
127635048
812763504
481276350
BREAK
048321675
504832167
750483216
675048321
167504832
216750483
321675048
832167504
483216750
BREAK
048321765
504832176
650483217
765048321
176504832
217650483
321765048
832176504
483217650
BREAK
048326175
504832617
750483261
175048326
617504832
261750483
326175048
832617504
483261750
BREAK
048326715
504832671
150483267
715048326
671504832
267150483
326715048
832671504
483267150
BREAK
048327165
504832716
650483271
165048327
716504832
271650483
327165048
832716504
483271650
BREAK
048327615
504832761
150483276
615048327
761504832
276150483
327615048
832761504
483276150
BREAK
048621375
504862137
750486213
375048621
137504862
213750486
621375048
862137504
486213750
BREAK
048621735
504862173
350486217
735048621
173504862
217350486
621735048
862173504
486217350
BREAK
048623175
504862317
750486231
175048623
317504862
231750486
623175048
862317504
486231750
BREAK
048623715
504862371
150486237
715048623
371504862
237150486
623715048
862371504
486237150
BREAK
048627135
504862713
350486271
135048627
713504862
271350486
627135048
862713504
486271350
BREAK
048627315
504862731
150486273
315048627
731504862
273150486
627315048
862731504
486273150
BREAK
048721365
504872136
650487213
365048721
136504872
213650487
721365048
872136504
487213650
BREAK
048721635
504872163
350487216
635048721
163504872
216350487
721635048
872163504
487216350
BREAK
048723165
504872316
650487231
165048723
316504872
231650487
723165048
872316504
487231650
BREAK
048723615
504872361
150487236
615048723
361504872
236150487
723615048
872361504
487236150
BREAK
048726135
504872613
350487261
135048726
613504872
261350487
726135048
872613504
487261350
BREAK
048726315
504872631
150487263
315048726
631504872
263150487
726315048
872631504
487263150
BREAK
061324785
506132478
850613247
785061324
478506132
247850613
324785061
132478506
613247850
BREAK
061324875
506132487
750613248
875061324
487506132
248750613
324875061
132487506
613248750
BREAK
061327485
506132748
850613274
485061327
748506132
274850613
327485061
132748506
613274850
BREAK
061327845
506132784
450613278
845061327
784506132
278450613
327845061
132784506
613278450
BREAK
061328475
506132847
750613284
475061328
847506132
284750613
328475061
132847506
613284750
BREAK
061328745
506132874
450613287
745061328
874506132
287450613
328745061
132874506
613287450
BREAK
061423785
506142378
850614237
785061423
378506142
237850614
423785061
142378506
614237850
BREAK
061423875
506142387
750614238
875061423
387506142
238750614
423875061
142387506
614238750
BREAK
061427385
506142738
850614273
385061427
738506142
273850614
427385061
142738506
614273850
BREAK
061427835
506142783
350614278
835061427
783506142
278350614
427835061
142783506
614278350
BREAK
061428375
506142837
750614283
375061428
837506142
283750614
428375061
142837506
614283750
BREAK
061428735
506142873
350614287
735061428
873506142
287350614
428735061
142873506
614287350
BREAK
061723485
506172348
850617234
485061723
348506172
234850617
723485061
172348506
617234850
BREAK
061723845
506172384
450617238
845061723
384506172
238450617
723845061
172384506
617238450
BREAK
061724385
506172438
850617243
385061724
438506172
243850617
724385061
172438506
617243850
BREAK
061724835
506172483
350617248
835061724
483506172
248350617
724835061
172483506
617248350
BREAK
061728345
506172834
450617283
345061728
834506172
283450617
728345061
172834506
617283450
BREAK
061728435
506172843
350617284
435061728
843506172
284350617
728435061
172843506
617284350
BREAK
061823475
506182347
750618234
475061823
347506182
234750618
823475061
182347506
618234750
BREAK
061823745
506182374
450618237
745061823
374506182
237450618
823745061
182374506
618237450
BREAK
061824375
506182437
750618243
375061824
437506182
243750618
824375061
182437506
618243750
BREAK
061824735
506182473
350618247
735061824
473506182
247350618
824735061
182473506
618247350
BREAK
061827345
506182734
450618273
345061827
734506182
273450618
827345061
182734506
618273450
BREAK
061827435
506182743
350618274
435061827
743506182
274350618
827435061
182743506
618274350
BREAK
063124785
506312478
850631247
785063124
478506312
247850631
124785063
312478506
631247850
BREAK
063124875
506312487
750631248
875063124
487506312
248750631
124875063
312487506
631248750
BREAK
063127485
506312748
850631274
485063127
748506312
274850631
127485063
312748506
631274850
BREAK
063127845
506312784
450631278
845063127
784506312
278450631
127845063
312784506
631278450
BREAK
063128475
506312847
750631284
475063128
847506312
284750631
128475063
312847506
631284750
BREAK
063128745
506312874
450631287
745063128
874506312
287450631
128745063
312874506
631287450
BREAK
063421785
506342178
850634217
785063421
178506342
217850634
421785063
342178506
634217850
BREAK
063421875
506342187
750634218
875063421
187506342
218750634
421875063
342187506
634218750
BREAK
063427185
506342718
850634271
185063427
718506342
271850634
427185063
342718506
634271850
BREAK
063427815
506342781
150634278
815063427
781506342
278150634
427815063
342781506
634278150
BREAK
063428175
506342817
750634281
175063428
817506342
281750634
428175063
342817506
634281750
BREAK
063428715
506342871
150634287
715063428
871506342
287150634
428715063
342871506
634287150
BREAK
063721485
506372148
850637214
485063721
148506372
214850637
721485063
372148506
637214850
BREAK
063721845
506372184
450637218
845063721
184506372
218450637
721845063
372184506
637218450
BREAK
063724185
506372418
850637241
185063724
418506372
241850637
724185063
372418506
637241850
BREAK
063724815
506372481
150637248
815063724
481506372
248150637
724815063
372481506
637248150
BREAK
063728145
506372814
450637281
145063728
814506372
281450637
728145063
372814506
637281450
BREAK
063728415
506372841
150637284
415063728
841506372
284150637
728415063
372841506
637284150
BREAK
063821475
506382147
750638214
475063821
147506382
214750638
821475063
382147506
638214750
BREAK
063821745
506382174
450638217
745063821
174506382
217450638
821745063
382174506
638217450
BREAK
063824175
506382417
750638241
175063824
417506382
241750638
824175063
382417506
638241750
BREAK
063824715
506382471
150638247
715063824
471506382
247150638
824715063
382471506
638247150
BREAK
063827145
506382714
450638271
145063827
714506382
271450638
827145063
382714506
638271450
BREAK
063827415
506382741
150638274
415063827
741506382
274150638
827415063
382741506
638274150
BREAK
064123785
506412378
850641237
785064123
378506412
237850641
123785064
412378506
641237850
BREAK
064123875
506412387
750641238
875064123
387506412
238750641
123875064
412387506
641238750
BREAK
064127385
506412738
850641273
385064127
738506412
273850641
127385064
412738506
641273850
BREAK
064127835
506412783
350641278
835064127
783506412
278350641
127835064
412783506
641278350
BREAK
064128375
506412837
750641283
375064128
837506412
283750641
128375064
412837506
641283750
BREAK
064128735
506412873
350641287
735064128
873506412
287350641
128735064
412873506
641287350
BREAK
064321785
506432178
850643217
785064321
178506432
217850643
321785064
432178506
643217850
BREAK
064321875
506432187
750643218
875064321
187506432
218750643
321875064
432187506
643218750
BREAK
064327185
506432718
850643271
185064327
718506432
271850643
327185064
432718506
643271850
BREAK
064327815
506432781
150643278
815064327
781506432
278150643
327815064
432781506
643278150
BREAK
064328175
506432817
750643281
175064328
817506432
281750643
328175064
432817506
643281750
BREAK
064328715
506432871
150643287
715064328
871506432
287150643
328715064
432871506
643287150
BREAK
064721385
506472138
850647213
385064721
138506472
213850647
721385064
472138506
647213850
BREAK
064721835
506472183
350647218
835064721
183506472
218350647
721835064
472183506
647218350
BREAK
064723185
506472318
850647231
185064723
318506472
231850647
723185064
472318506
647231850
BREAK
064723815
506472381
150647238
815064723
381506472
238150647
723815064
472381506
647238150
BREAK
064728135
506472813
350647281
135064728
813506472
281350647
728135064
472813506
647281350
BREAK
064728315
506472831
150647283
315064728
831506472
283150647
728315064
472831506
647283150
BREAK
064821375
506482137
750648213
375064821
137506482
213750648
821375064
482137506
648213750
BREAK
064821735
506482173
350648217
735064821
173506482
217350648
821735064
482173506
648217350
BREAK
064823175
506482317
750648231
175064823
317506482
231750648
823175064
482317506
648231750
BREAK
064823715
506482371
150648237
715064823
371506482
237150648
823715064
482371506
648237150
BREAK
064827135
506482713
350648271
135064827
713506482
271350648
827135064
482713506
648271350
BREAK
064827315
506482731
150648273
315064827
731506482
273150648
827315064
482731506
648273150
BREAK
067123485
506712348
850671234
485067123
348506712
234850671
123485067
712348506
671234850
BREAK
067123845
506712384
450671238
845067123
384506712
238450671
123845067
712384506
671238450
BREAK
067124385
506712438
850671243
385067124
438506712
243850671
124385067
712438506
671243850
BREAK
067124835
506712483
350671248
835067124
483506712
248350671
124835067
712483506
671248350
BREAK
067128345
506712834
450671283
345067128
834506712
283450671
128345067
712834506
671283450
BREAK
067128435
506712843
350671284
435067128
843506712
284350671
128435067
712843506
671284350
BREAK
067321485
506732148
850673214
485067321
148506732
214850673
321485067
732148506
673214850
BREAK
067321845
506732184
450673218
845067321
184506732
218450673
321845067
732184506
673218450
BREAK
067324185
506732418
850673241
185067324
418506732
241850673
324185067
732418506
673241850
BREAK
067324815
506732481
150673248
815067324
481506732
248150673
324815067
732481506
673248150
BREAK
067328145
506732814
450673281
145067328
814506732
281450673
328145067
732814506
673281450
BREAK
067328415
506732841
150673284
415067328
841506732
284150673
328415067
732841506
673284150
BREAK
067421385
506742138
850674213
385067421
138506742
213850674
421385067
742138506
674213850
BREAK
067421835
506742183
350674218
835067421
183506742
218350674
421835067
742183506
674218350
BREAK
067423185
506742318
850674231
185067423
318506742
231850674
423185067
742318506
674231850
BREAK
067423815
506742381
150674238
815067423
381506742
238150674
423815067
742381506
674238150
BREAK
067428135
506742813
350674281
135067428
813506742
281350674
428135067
742813506
674281350
BREAK
067428315
506742831
150674283
315067428
831506742
283150674
428315067
742831506
674283150
BREAK
067821345
506782134
450678213
345067821
134506782
213450678
821345067
782134506
678213450
BREAK
067821435
506782143
350678214
435067821
143506782
214350678
821435067
782143506
678214350
BREAK
067823145
506782314
450678231
145067823
314506782
231450678
823145067
782314506
678231450
BREAK
067823415
506782341
150678234
415067823
341506782
234150678
823415067
782341506
678234150
BREAK
067824135
506782413
350678241
135067824
413506782
241350678
824135067
782413506
678241350
BREAK
067824315
506782431
150678243
315067824
431506782
243150678
824315067
782431506
678243150
BREAK
068123475
506812347
750681234
475068123
347506812
234750681
123475068
812347506
681234750
BREAK
068123745
506812374
450681237
745068123
374506812
237450681
123745068
812374506
681237450
BREAK
068124375
506812437
750681243
375068124
437506812
243750681
124375068
812437506
681243750
BREAK
068124735
506812473
350681247
735068124
473506812
247350681
124735068
812473506
681247350
BREAK
068127345
506812734
450681273
345068127
734506812
273450681
127345068
812734506
681273450
BREAK
068127435
506812743
350681274
435068127
743506812
274350681
127435068
812743506
681274350
BREAK
068321475
506832147
750683214
475068321
147506832
214750683
321475068
832147506
683214750
BREAK
068321745
506832174
450683217
745068321
174506832
217450683
321745068
832174506
683217450
BREAK
068324175
506832417
750683241
175068324
417506832
241750683
324175068
832417506
683241750
BREAK
068324715
506832471
150683247
715068324
471506832
247150683
324715068
832471506
683247150
BREAK
068327145
506832714
450683271
145068327
714506832
271450683
327145068
832714506
683271450
BREAK
068327415
506832741
150683274
415068327
741506832
274150683
327415068
832741506
683274150
BREAK
068421375
506842137
750684213
375068421
137506842
213750684
421375068
842137506
684213750
BREAK
068421735
506842173
350684217
735068421
173506842
217350684
421735068
842173506
684217350
BREAK
068423175
506842317
750684231
175068423
317506842
231750684
423175068
842317506
684231750
BREAK
068423715
506842371
150684237
715068423
371506842
237150684
423715068
842371506
684237150
BREAK
068427135
506842713
350684271
135068427
713506842
271350684
427135068
842713506
684271350
BREAK
068427315
506842731
150684273
315068427
731506842
273150684
427315068
842731506
684273150
BREAK
068721345
506872134
450687213
345068721
134506872
213450687
721345068
872134506
687213450
BREAK
068721435
506872143
350687214
435068721
143506872
214350687
721435068
872143506
687214350
BREAK
068723145
506872314
450687231
145068723
314506872
231450687
723145068
872314506
687231450
BREAK
068723415
506872341
150687234
415068723
341506872
234150687
723415068
872341506
687234150
BREAK
068724135
506872413
350687241
135068724
413506872
241350687
724135068
872413506
687241350
BREAK
068724315
506872431
150687243
315068724
431506872
243150687
724315068
872431506
687243150
BREAK
071324685
507132468
850713246
685071324
468507132
246850713
324685071
132468507
713246850
BREAK
071324865
507132486
650713248
865071324
486507132
248650713
324865071
132486507
713248650
BREAK
071326485
507132648
850713264
485071326
648507132
264850713
326485071
132648507
713264850
BREAK
071326845
507132684
450713268
845071326
684507132
268450713
326845071
132684507
713268450
BREAK
071328465
507132846
650713284
465071328
846507132
284650713
328465071
132846507
713284650
BREAK
071328645
507132864
450713286
645071328
864507132
286450713
328645071
132864507
713286450
BREAK
071423685
507142368
850714236
685071423
368507142
236850714
423685071
142368507
714236850
BREAK
071423865
507142386
650714238
865071423
386507142
238650714
423865071
142386507
714238650
BREAK
071426385
507142638
850714263
385071426
638507142
263850714
426385071
142638507
714263850
BREAK
071426835
507142683
350714268
835071426
683507142
268350714
426835071
142683507
714268350
BREAK
071428365
507142836
650714283
365071428
836507142
283650714
428365071
142836507
714283650
BREAK
071428635
507142863
350714286
635071428
863507142
286350714
428635071
142863507
714286350
BREAK
071623485
507162348
850716234
485071623
348507162
234850716
623485071
162348507
716234850
BREAK
071623845
507162384
450716238
845071623
384507162
238450716
623845071
162384507
716238450
BREAK
071624385
507162438
850716243
385071624
438507162
243850716
624385071
162438507
716243850
BREAK
071624835
507162483
350716248
835071624
483507162
248350716
624835071
162483507
716248350
BREAK
071628345
507162834
450716283
345071628
834507162
283450716
628345071
162834507
716283450
BREAK
071628435
507162843
350716284
435071628
843507162
284350716
628435071
162843507
716284350
BREAK
071823465
507182346
650718234
465071823
346507182
234650718
823465071
182346507
718234650
BREAK
071823645
507182364
450718236
645071823
364507182
236450718
823645071
182364507
718236450
BREAK
071824365
507182436
650718243
365071824
436507182
243650718
824365071
182436507
718243650
BREAK
071824635
507182463
350718246
635071824
463507182
246350718
824635071
182463507
718246350
BREAK
071826345
507182634
450718263
345071826
634507182
263450718
826345071
182634507
718263450
BREAK
071826435
507182643
350718264
435071826
643507182
264350718
826435071
182643507
718264350
BREAK
073124685
507312468
850731246
685073124
468507312
246850731
124685073
312468507
731246850
BREAK
073124865
507312486
650731248
865073124
486507312
248650731
124865073
312486507
731248650
BREAK
073126485
507312648
850731264
485073126
648507312
264850731
126485073
312648507
731264850
BREAK
073126845
507312684
450731268
845073126
684507312
268450731
126845073
312684507
731268450
BREAK
073128465
507312846
650731284
465073128
846507312
284650731
128465073
312846507
731284650
BREAK
073128645
507312864
450731286
645073128
864507312
286450731
128645073
312864507
731286450
BREAK
073421685
507342168
850734216
685073421
168507342
216850734
421685073
342168507
734216850
BREAK
073421865
507342186
650734218
865073421
186507342
218650734
421865073
342186507
734218650
BREAK
073426185
507342618
850734261
185073426
618507342
261850734
426185073
342618507
734261850
BREAK
073426815
507342681
150734268
815073426
681507342
268150734
426815073
342681507
734268150
BREAK
073428165
507342816
650734281
165073428
816507342
281650734
428165073
342816507
734281650
BREAK
073428615
507342861
150734286
615073428
861507342
286150734
428615073
342861507
734286150
BREAK
073621485
507362148
850736214
485073621
148507362
214850736
621485073
362148507
736214850
BREAK
073621845
507362184
450736218
845073621
184507362
218450736
621845073
362184507
736218450
BREAK
073624185
507362418
850736241
185073624
418507362
241850736
624185073
362418507
736241850
BREAK
073624815
507362481
150736248
815073624
481507362
248150736
624815073
362481507
736248150
BREAK
073628145
507362814
450736281
145073628
814507362
281450736
628145073
362814507
736281450
BREAK
073628415
507362841
150736284
415073628
841507362
284150736
628415073
362841507
736284150
BREAK
073821465
507382146
650738214
465073821
146507382
214650738
821465073
382146507
738214650
BREAK
073821645
507382164
450738216
645073821
164507382
216450738
821645073
382164507
738216450
BREAK
073824165
507382416
650738241
165073824
416507382
241650738
824165073
382416507
738241650
BREAK
073824615
507382461
150738246
615073824
461507382
246150738
824615073
382461507
738246150
BREAK
073826145
507382614
450738261
145073826
614507382
261450738
826145073
382614507
738261450
BREAK
073826415
507382641
150738264
415073826
641507382
264150738
826415073
382641507
738264150
BREAK
074123685
507412368
850741236
685074123
368507412
236850741
123685074
412368507
741236850
BREAK
074123865
507412386
650741238
865074123
386507412
238650741
123865074
412386507
741238650
BREAK
074126385
507412638
850741263
385074126
638507412
263850741
126385074
412638507
741263850
BREAK
074126835
507412683
350741268
835074126
683507412
268350741
126835074
412683507
741268350
BREAK
074128365
507412836
650741283
365074128
836507412
283650741
128365074
412836507
741283650
BREAK
074128635
507412863
350741286
635074128
863507412
286350741
128635074
412863507
741286350
BREAK
074321685
507432168
850743216
685074321
168507432
216850743
321685074
432168507
743216850
BREAK
074321865
507432186
650743218
865074321
186507432
218650743
321865074
432186507
743218650
BREAK
074326185
507432618
850743261
185074326
618507432
261850743
326185074
432618507
743261850
BREAK
074326815
507432681
150743268
815074326
681507432
268150743
326815074
432681507
743268150
BREAK
074328165
507432816
650743281
165074328
816507432
281650743
328165074
432816507
743281650
BREAK
074328615
507432861
150743286
615074328
861507432
286150743
328615074
432861507
743286150
BREAK
074621385
507462138
850746213
385074621
138507462
213850746
621385074
462138507
746213850
BREAK
074621835
507462183
350746218
835074621
183507462
218350746
621835074
462183507
746218350
BREAK
074623185
507462318
850746231
185074623
318507462
231850746
623185074
462318507
746231850
BREAK
074623815
507462381
150746238
815074623
381507462
238150746
623815074
462381507
746238150
BREAK
074628135
507462813
350746281
135074628
813507462
281350746
628135074
462813507
746281350
BREAK
074628315
507462831
150746283
315074628
831507462
283150746
628315074
462831507
746283150
BREAK
074821365
507482136
650748213
365074821
136507482
213650748
821365074
482136507
748213650
BREAK
074821635
507482163
350748216
635074821
163507482
216350748
821635074
482163507
748216350
BREAK
074823165
507482316
650748231
165074823
316507482
231650748
823165074
482316507
748231650
BREAK
074823615
507482361
150748236
615074823
361507482
236150748
823615074
482361507
748236150
BREAK
074826135
507482613
350748261
135074826
613507482
261350748
826135074
482613507
748261350
BREAK
074826315
507482631
150748263
315074826
631507482
263150748
826315074
482631507
748263150
BREAK
076123485
507612348
850761234
485076123
348507612
234850761
123485076
612348507
761234850
BREAK
076123845
507612384
450761238
845076123
384507612
238450761
123845076
612384507
761238450
BREAK
076124385
507612438
850761243
385076124
438507612
243850761
124385076
612438507
761243850
BREAK
076124835
507612483
350761248
835076124
483507612
248350761
124835076
612483507
761248350
BREAK
076128345
507612834
450761283
345076128
834507612
283450761
128345076
612834507
761283450
BREAK
076128435
507612843
350761284
435076128
843507612
284350761
128435076
612843507
761284350
BREAK
076321485
507632148
850763214
485076321
148507632
214850763
321485076
632148507
763214850
BREAK
076321845
507632184
450763218
845076321
184507632
218450763
321845076
632184507
763218450
BREAK
076324185
507632418
850763241
185076324
418507632
241850763
324185076
632418507
763241850
BREAK
076324815
507632481
150763248
815076324
481507632
248150763
324815076
632481507
763248150
BREAK
076328145
507632814
450763281
145076328
814507632
281450763
328145076
632814507
763281450
BREAK
076328415
507632841
150763284
415076328
841507632
284150763
328415076
632841507
763284150
BREAK
076421385
507642138
850764213
385076421
138507642
213850764
421385076
642138507
764213850
BREAK
076421835
507642183
350764218
835076421
183507642
218350764
421835076
642183507
764218350
BREAK
076423185
507642318
850764231
185076423
318507642
231850764
423185076
642318507
764231850
BREAK
076423815
507642381
150764238
815076423
381507642
238150764
423815076
642381507
764238150
BREAK
076428135
507642813
350764281
135076428
813507642
281350764
428135076
642813507
764281350
BREAK
076428315
507642831
150764283
315076428
831507642
283150764
428315076
642831507
764283150
BREAK
076821345
507682134
450768213
345076821
134507682
213450768
821345076
682134507
768213450
BREAK
076821435
507682143
350768214
435076821
143507682
214350768
821435076
682143507
768214350
BREAK
076823145
507682314
450768231
145076823
314507682
231450768
823145076
682314507
768231450
BREAK
076823415
507682341
150768234
415076823
341507682
234150768
823415076
682341507
768234150
BREAK
076824135
507682413
350768241
135076824
413507682
241350768
824135076
682413507
768241350
BREAK
076824315
507682431
150768243
315076824
431507682
243150768
824315076
682431507
768243150
BREAK
078123465
507812346
650781234
465078123
346507812
234650781
123465078
812346507
781234650
BREAK
078123645
507812364
450781236
645078123
364507812
236450781
123645078
812364507
781236450
BREAK
078124365
507812436
650781243
365078124
436507812
243650781
124365078
812436507
781243650
BREAK
078124635
507812463
350781246
635078124
463507812
246350781
124635078
812463507
781246350
BREAK
078126345
507812634
450781263
345078126
634507812
263450781
126345078
812634507
781263450
BREAK
078126435
507812643
350781264
435078126
643507812
264350781
126435078
812643507
781264350
BREAK
078321465
507832146
650783214
465078321
146507832
214650783
321465078
832146507
783214650
BREAK
078321645
507832164
450783216
645078321
164507832
216450783
321645078
832164507
783216450
BREAK
078324165
507832416
650783241
165078324
416507832
241650783
324165078
832416507
783241650
BREAK
078324615
507832461
150783246
615078324
461507832
246150783
324615078
832461507
783246150
BREAK
078326145
507832614
450783261
145078326
614507832
261450783
326145078
832614507
783261450
BREAK
078326415
507832641
150783264
415078326
641507832
264150783
326415078
832641507
783264150
BREAK
078421365
507842136
650784213
365078421
136507842
213650784
421365078
842136507
784213650
BREAK
078421635
507842163
350784216
635078421
163507842
216350784
421635078
842163507
784216350
BREAK
078423165
507842316
650784231
165078423
316507842
231650784
423165078
842316507
784231650
BREAK
078423615
507842361
150784236
615078423
361507842
236150784
423615078
842361507
784236150
BREAK
078426135
507842613
350784261
135078426
613507842
261350784
426135078
842613507
784261350
BREAK
078426315
507842631
150784263
315078426
631507842
263150784
426315078
842631507
784263150
BREAK
078621345
507862134
450786213
345078621
134507862
213450786
621345078
862134507
786213450
BREAK
078621435
507862143
350786214
435078621
143507862
214350786
621435078
862143507
786214350
BREAK
078623145
507862314
450786231
145078623
314507862
231450786
623145078
862314507
786231450
BREAK
078623415
507862341
150786234
415078623
341507862
234150786
623415078
862341507
786234150
BREAK
078624135
507862413
350786241
135078624
413507862
241350786
624135078
862413507
786241350
BREAK
078624315
507862431
150786243
315078624
431507862
243150786
624315078
862431507
786243150
BREAK
081324675
508132467
750813246
675081324
467508132
246750813
324675081
132467508
813246750
BREAK
081324765
508132476
650813247
765081324
476508132
247650813
324765081
132476508
813247650
BREAK
081326475
508132647
750813264
475081326
647508132
264750813
326475081
132647508
813264750
BREAK
081326745
508132674
450813267
745081326
674508132
267450813
326745081
132674508
813267450
BREAK
081327465
508132746
650813274
465081327
746508132
274650813
327465081
132746508
813274650
BREAK
081327645
508132764
450813276
645081327
764508132
276450813
327645081
132764508
813276450
BREAK
081423675
508142367
750814236
675081423
367508142
236750814
423675081
142367508
814236750
BREAK
081423765
508142376
650814237
765081423
376508142
237650814
423765081
142376508
814237650
BREAK
081426375
508142637
750814263
375081426
637508142
263750814
426375081
142637508
814263750
BREAK
081426735
508142673
350814267
735081426
673508142
267350814
426735081
142673508
814267350
BREAK
081427365
508142736
650814273
365081427
736508142
273650814
427365081
142736508
814273650
BREAK
081427635
508142763
350814276
635081427
763508142
276350814
427635081
142763508
814276350
BREAK
081623475
508162347
750816234
475081623
347508162
234750816
623475081
162347508
816234750
BREAK
081623745
508162374
450816237
745081623
374508162
237450816
623745081
162374508
816237450
BREAK
081624375
508162437
750816243
375081624
437508162
243750816
624375081
162437508
816243750
BREAK
081624735
508162473
350816247
735081624
473508162
247350816
624735081
162473508
816247350
BREAK
081627345
508162734
450816273
345081627
734508162
273450816
627345081
162734508
816273450
BREAK
081627435
508162743
350816274
435081627
743508162
274350816
627435081
162743508
816274350
BREAK
081723465
508172346
650817234
465081723
346508172
234650817
723465081
172346508
817234650
BREAK
081723645
508172364
450817236
645081723
364508172
236450817
723645081
172364508
817236450
BREAK
081724365
508172436
650817243
365081724
436508172
243650817
724365081
172436508
817243650
BREAK
081724635
508172463
350817246
635081724
463508172
246350817
724635081
172463508
817246350
BREAK
081726345
508172634
450817263
345081726
634508172
263450817
726345081
172634508
817263450
BREAK
081726435
508172643
350817264
435081726
643508172
264350817
726435081
172643508
817264350
BREAK
083124675
508312467
750831246
675083124
467508312
246750831
124675083
312467508
831246750
BREAK
083124765
508312476
650831247
765083124
476508312
247650831
124765083
312476508
831247650
BREAK
083126475
508312647
750831264
475083126
647508312
264750831
126475083
312647508
831264750
BREAK
083126745
508312674
450831267
745083126
674508312
267450831
126745083
312674508
831267450
BREAK
083127465
508312746
650831274
465083127
746508312
274650831
127465083
312746508
831274650
BREAK
083127645
508312764
450831276
645083127
764508312
276450831
127645083
312764508
831276450
BREAK
083421675
508342167
750834216
675083421
167508342
216750834
421675083
342167508
834216750
BREAK
083421765
508342176
650834217
765083421
176508342
217650834
421765083
342176508
834217650
BREAK
083426175
508342617
750834261
175083426
617508342
261750834
426175083
342617508
834261750
BREAK
083426715
508342671
150834267
715083426
671508342
267150834
426715083
342671508
834267150
BREAK
083427165
508342716
650834271
165083427
716508342
271650834
427165083
342716508
834271650
BREAK
083427615
508342761
150834276
615083427
761508342
276150834
427615083
342761508
834276150
BREAK
083621475
508362147
750836214
475083621
147508362
214750836
621475083
362147508
836214750
BREAK
083621745
508362174
450836217
745083621
174508362
217450836
621745083
362174508
836217450
BREAK
083624175
508362417
750836241
175083624
417508362
241750836
624175083
362417508
836241750
BREAK
083624715
508362471
150836247
715083624
471508362
247150836
624715083
362471508
836247150
BREAK
083627145
508362714
450836271
145083627
714508362
271450836
627145083
362714508
836271450
BREAK
083627415
508362741
150836274
415083627
741508362
274150836
627415083
362741508
836274150
BREAK
083721465
508372146
650837214
465083721
146508372
214650837
721465083
372146508
837214650
BREAK
083721645
508372164
450837216
645083721
164508372
216450837
721645083
372164508
837216450
BREAK
083724165
508372416
650837241
165083724
416508372
241650837
724165083
372416508
837241650
BREAK
083724615
508372461
150837246
615083724
461508372
246150837
724615083
372461508
837246150
BREAK
083726145
508372614
450837261
145083726
614508372
261450837
726145083
372614508
837261450
BREAK
083726415
508372641
150837264
415083726
641508372
264150837
726415083
372641508
837264150
BREAK
084123675
508412367
750841236
675084123
367508412
236750841
123675084
412367508
841236750
BREAK
084123765
508412376
650841237
765084123
376508412
237650841
123765084
412376508
841237650
BREAK
084126375
508412637
750841263
375084126
637508412
263750841
126375084
412637508
841263750
BREAK
084126735
508412673
350841267
735084126
673508412
267350841
126735084
412673508
841267350
BREAK
084127365
508412736
650841273
365084127
736508412
273650841
127365084
412736508
841273650
BREAK
084127635
508412763
350841276
635084127
763508412
276350841
127635084
412763508
841276350
BREAK
084321675
508432167
750843216
675084321
167508432
216750843
321675084
432167508
843216750
BREAK
084321765
508432176
650843217
765084321
176508432
217650843
321765084
432176508
843217650
BREAK
084326175
508432617
750843261
175084326
617508432
261750843
326175084
432617508
843261750
BREAK
084326715
508432671
150843267
715084326
671508432
267150843
326715084
432671508
843267150
BREAK
084327165
508432716
650843271
165084327
716508432
271650843
327165084
432716508
843271650
BREAK
084327615
508432761
150843276
615084327
761508432
276150843
327615084
432761508
843276150
BREAK
084621375
508462137
750846213
375084621
137508462
213750846
621375084
462137508
846213750
BREAK
084621735
508462173
350846217
735084621
173508462
217350846
621735084
462173508
846217350
BREAK
084623175
508462317
750846231
175084623
317508462
231750846
623175084
462317508
846231750
BREAK
084623715
508462371
150846237
715084623
371508462
237150846
623715084
462371508
846237150
BREAK
084627135
508462713
350846271
135084627
713508462
271350846
627135084
462713508
846271350
BREAK
084627315
508462731
150846273
315084627
731508462
273150846
627315084
462731508
846273150
BREAK
084721365
508472136
650847213
365084721
136508472
213650847
721365084
472136508
847213650
BREAK
084721635
508472163
350847216
635084721
163508472
216350847
721635084
472163508
847216350
BREAK
084723165
508472316
650847231
165084723
316508472
231650847
723165084
472316508
847231650
BREAK
084723615
508472361
150847236
615084723
361508472
236150847
723615084
472361508
847236150
BREAK
084726135
508472613
350847261
135084726
613508472
261350847
726135084
472613508
847261350
BREAK
084726315
508472631
150847263
315084726
631508472
263150847
726315084
472631508
847263150
BREAK
086123475
508612347
750861234
475086123
347508612
234750861
123475086
612347508
861234750
BREAK
086123745
508612374
450861237
745086123
374508612
237450861
123745086
612374508
861237450
BREAK
086124375
508612437
750861243
375086124
437508612
243750861
124375086
612437508
861243750
BREAK
086124735
508612473
350861247
735086124
473508612
247350861
124735086
612473508
861247350
BREAK
086127345
508612734
450861273
345086127
734508612
273450861
127345086
612734508
861273450
BREAK
086127435
508612743
350861274
435086127
743508612
274350861
127435086
612743508
861274350
BREAK
086321475
508632147
750863214
475086321
147508632
214750863
321475086
632147508
863214750
BREAK
086321745
508632174
450863217
745086321
174508632
217450863
321745086
632174508
863217450
BREAK
086324175
508632417
750863241
175086324
417508632
241750863
324175086
632417508
863241750
BREAK
086324715
508632471
150863247
715086324
471508632
247150863
324715086
632471508
863247150
BREAK
086327145
508632714
450863271
145086327
714508632
271450863
327145086
632714508
863271450
BREAK
086327415
508632741
150863274
415086327
741508632
274150863
327415086
632741508
863274150
BREAK
086421375
508642137
750864213
375086421
137508642
213750864
421375086
642137508
864213750
BREAK
086421735
508642173
350864217
735086421
173508642
217350864
421735086
642173508
864217350
BREAK
086423175
508642317
750864231
175086423
317508642
231750864
423175086
642317508
864231750
BREAK
086423715
508642371
150864237
715086423
371508642
237150864
423715086
642371508
864237150
BREAK
086427135
508642713
350864271
135086427
713508642
271350864
427135086
642713508
864271350
BREAK
086427315
508642731
150864273
315086427
731508642
273150864
427315086
642731508
864273150
BREAK
086721345
508672134
450867213
345086721
134508672
213450867
721345086
672134508
867213450
BREAK
086721435
508672143
350867214
435086721
143508672
214350867
721435086
672143508
867214350
BREAK
086723145
508672314
450867231
145086723
314508672
231450867
723145086
672314508
867231450
BREAK
086723415
508672341
150867234
415086723
341508672
234150867
723415086
672341508
867234150
BREAK
086724135
508672413
350867241
135086724
413508672
241350867
724135086
672413508
867241350
BREAK
086724315
508672431
150867243
315086724
431508672
243150867
724315086
672431508
867243150
BREAK
087123465
508712346
650871234
465087123
346508712
234650871
123465087
712346508
871234650
BREAK
087123645
508712364
450871236
645087123
364508712
236450871
123645087
712364508
871236450
BREAK
087124365
508712436
650871243
365087124
436508712
243650871
124365087
712436508
871243650
BREAK
087124635
508712463
350871246
635087124
463508712
246350871
124635087
712463508
871246350
BREAK
087126345
508712634
450871263
345087126
634508712
263450871
126345087
712634508
871263450
BREAK
087126435
508712643
350871264
435087126
643508712
264350871
126435087
712643508
871264350
BREAK
087321465
508732146
650873214
465087321
146508732
214650873
321465087
732146508
873214650
BREAK
087321645
508732164
450873216
645087321
164508732
216450873
321645087
732164508
873216450
BREAK
087324165
508732416
650873241
165087324
416508732
241650873
324165087
732416508
873241650
BREAK
087324615
508732461
150873246
615087324
461508732
246150873
324615087
732461508
873246150
BREAK
087326145
508732614
450873261
145087326
614508732
261450873
326145087
732614508
873261450
BREAK
087326415
508732641
150873264
415087326
641508732
264150873
326415087
732641508
873264150
BREAK
087421365
508742136
650874213
365087421
136508742
213650874
421365087
742136508
874213650
BREAK
087421635
508742163
350874216
635087421
163508742
216350874
421635087
742163508
874216350
BREAK
087423165
508742316
650874231
165087423
316508742
231650874
423165087
742316508
874231650
BREAK
087423615
508742361
150874236
615087423
361508742
236150874
423615087
742361508
874236150
BREAK
087426135
508742613
350874261
135087426
613508742
261350874
426135087
742613508
874261350
BREAK
087426315
508742631
150874263
315087426
631508742
263150874
426315087
742631508
874263150
BREAK
087621345
508762134
450876213
345087621
134508762
213450876
621345087
762134508
876213450
BREAK
087621435
508762143
350876214
435087621
143508762
214350876
621435087
762143508
876214350
BREAK
087623145
508762314
450876231
145087623
314508762
231450876
623145087
762314508
876231450
BREAK
087623415
508762341
150876234
415087623
341508762
234150876
623415087
762341508
876234150
BREAK
087624135
508762413
350876241
135087624
413508762
241350876
624135087
762413508
876241350
BREAK
087624315
508762431
150876243
315087624
431508762
243150876
624315087
762431508
876243150
